1.812383
1.829265
1.732885
1.424250
1.442876
1.344642
1.154027
1.215733
1.263011
1.112872
1.016610
1.051579
1.142494
1.036182
1.014904
1.042944
0.965521
0.989451
0.978350
0.965201
1.040378
1.016380
0.955375
0.941847
0.945556
0.948472
0.947078
1.005905
0.962141
0.930007
0.932987
0.906026
0.914275
0.925469
0.950412
0.970143
0.898972
0.908236
0.901480
0.876441
0.882726
0.899778
0.889776
0.876591
0.872320
0.865095
0.870671
0.892221
0.873307
0.852708
0.859709
0.856257
0.854748
0.851650
0.840611
0.850244
0.850005
0.839754
0.836201
0.840718
0.837380
0.832825
0.832681
0.829265
