1.056769
1.258809
1.219160
1.280852
1.246645
1.314866
1.348457
1.243544
1.230447
1.272792
1.299771
1.328376
1.333037
1.333887
1.329920
1.489863
1.271207
1.381414
1.323344
1.155046
1.380899
1.319329
1.144454
1.336726
1.393904
1.365201
1.137819
1.265210
0.956814
0.994330
1.135083
1.081078
1.133002
1.073357
1.094022
0.991497
0.781114
0.945668
0.987245
0.851181
0.854225
0.870564
0.732667
0.713871
0.753344
0.732621
0.788281
0.912745
0.676911
0.632047
0.709641
0.678016
0.681767
0.614031
0.565898
0.635963
0.635197
0.564885
0.533022
0.572804
0.542087
0.514893
0.508519
0.489863
