1.754161
1.716400
1.631790
1.413069
1.389983
1.361139
1.088384
1.201420
1.228241
1.115577
1.059073
1.056095
1.187026
1.037497
1.064156
1.146215
1.006614
1.025507
1.017477
0.979583
1.089378
1.093088
0.984295
1.023040
1.031926
1.031065
0.990366
1.081117
0.983068
0.955379
0.990610
0.949951
0.978156
0.971984
0.986756
0.987630
0.881884
0.934519
0.944771
0.885226
0.887478
0.905189
0.864677
0.850459
0.854189
0.847113
0.873502
0.918248
0.833543
0.808920
0.838093
0.828806
0.829804
0.802981
0.781364
0.813882
0.810030
0.783352
0.770613
0.788138
0.776058
0.763856
0.761929
0.754161
