1.809807
1.496359
1.487931
1.315484
1.336548
1.294357
1.143342
1.247218
1.256426
1.135774
1.013658
1.118639
1.195358
1.118044
1.002478
0.940828
0.979738
1.091545
1.094628
0.987896
0.939793
0.915769
0.929116
0.972697
1.011085
0.959316
0.932080
0.922023
0.899693
0.916630
0.936892
0.936877
0.941110
0.932345
0.917502
0.902536
0.900139
0.920124
0.922999
0.931955
0.926724
0.921525
0.890858
0.899730
0.915192
0.923859
0.922627
0.919207
0.902858
0.902709
0.901969
0.911321
0.906022
0.891746
0.865156
0.885572
0.888601
0.875102
0.858602
0.862834
0.853146
0.827871
0.830226
0.809807
