1.070283
1.176964
1.145431
1.128309
1.147981
1.138871
1.165701
1.177672
1.176280
1.166563
1.217456
1.219726
1.236464
1.209235
1.183077
1.151038
1.209799
1.225930
1.256145
1.230267
1.150664
0.974744
1.155611
1.220007
1.234534
1.189267
1.158540
1.010216
0.587060
1.026553
1.154879
1.173542
1.186724
1.196414
1.033558
0.624974
0.775310
1.030002
1.156207
1.173308
1.138379
1.046717
0.696385
0.803797
1.023680
1.099604
1.111793
1.064442
0.825471
0.871308
0.929992
1.005212
0.930486
0.798157
0.646514
0.803747
0.819006
0.714134
0.588512
0.623731
0.568316
0.391402
0.397767
0.256145
