1.717734
1.391885
1.373648
1.243619
1.247915
1.235513
1.074422
1.204556
1.210644
1.083437
1.000906
1.089911
1.177566
1.080213
1.009239
0.954078
0.993292
1.078353
1.084363
0.993807
0.932556
0.902203
0.940854
0.981172
1.008862
0.958515
0.959265
0.946409
0.856076
0.952172
0.972170
0.955207
0.970370
0.969363
0.930893
0.858682
0.903417
0.950045
0.979439
0.981210
0.976606
0.968287
0.884487
0.923053
0.973287
0.999932
0.998725
0.979353
0.917427
0.944927
0.954191
0.990438
0.962787
0.922389
0.866470
0.930362
0.935335
0.890856
0.850427
0.866973
0.844341
0.772730
0.774899
0.717734
