1.177502
1.312740
1.262358
1.265432
1.303154
1.292307
1.302269
1.310702
1.305943
1.289238
1.275205
1.312968
1.325806
1.306257
1.276069
1.203922
1.276495
1.302793
1.331524
1.269508
1.228315
1.021703
1.209309
1.294104
1.260022
1.266567
1.190032
1.022598
0.712678
1.014019
1.171298
1.196967
1.196193
1.238804
1.013322
0.694532
0.720683
1.056993
1.097642
1.115337
1.090466
1.005674
0.746622
0.750228
0.915967
0.946837
0.958240
0.906215
0.790692
0.660579
0.779373
0.790172
0.754567
0.679774
0.540651
0.617262
0.613264
0.566055
0.447808
0.477113
0.458011
0.377010
0.372586
0.331524
