1.794194
1.662103
1.613200
1.346494
1.416026
1.399557
1.149162
1.264803
1.232963
1.136511
1.027996
1.090989
1.123595
1.091111
1.055261
0.984803
1.016914
1.026067
1.035809
0.973970
0.982294
0.961671
0.956062
0.950017
0.969358
0.973108
0.963203
0.971555
0.952555
0.938090
0.943932
0.944440
0.934673
0.947269
0.929251
0.957936
0.918265
0.924446
0.923416
0.926766
0.930040
0.917386
0.908412
0.876788
0.898589
0.903180
0.903527
0.894112
0.895403
0.856084
0.869955
0.872603
0.864521
0.855296
0.824617
0.837850
0.836651
0.833941
0.806511
0.809892
0.808162
0.794194
0.796117
0.796339
