1.704077
1.595712
1.507347
1.262366
1.328740
1.369079
1.108964
1.215879
1.165651
1.088163
1.017925
1.052118
1.098941
1.057393
1.020802
1.002680
1.007140
1.017089
1.030050
0.990209
1.006928
0.981760
0.999543
0.994390
0.991014
0.997010
1.000515
0.999139
0.931165
0.983885
1.006980
0.996728
0.992862
1.022497
0.968788
0.926890
0.901247
0.993444
1.001054
1.001103
0.998913
0.985438
0.911626
0.901421
0.956859
0.964365
0.970113
0.947522
0.916184
0.852437
0.904022
0.910123
0.894914
0.864501
0.797804
0.833726
0.831203
0.808526
0.751639
0.765872
0.757046
0.717730
0.716672
0.704077
