1.774511
1.627027
1.642204
1.326542
1.445343
1.288280
1.202003
1.216353
1.234433
1.220795
1.065052
1.141515
1.166463
1.131788
1.036537
1.042746
1.002886
1.059210
1.060774
1.021340
1.047021
0.973753
1.004604
0.977280
0.998592
0.966657
1.001348
0.976175
0.906196
0.944227
0.955299
0.933475
0.936715
0.956212
0.941370
0.894829
0.877214
0.908722
0.909774
0.909214
0.910686
0.913410
0.888668
0.874101
0.879851
0.872279
0.869779
0.873940
0.861961
0.847321
0.844883
0.833660
0.852620
0.858964
0.842780
0.819549
0.815164
0.829827
0.809759
0.799767
0.818009
0.793986
0.790046
0.774511
