0.966892
1.169816
1.143477
1.271590
1.206157
1.252114
1.289952
1.279045
1.287110
1.301127
1.264268
1.296290
1.281480
1.296140
1.294761
1.193703
1.261145
1.272426
1.273945
1.235172
1.149073
1.077022
1.106071
1.175840
1.208444
1.190315
1.139635
1.138517
1.096395
1.060687
1.081321
1.090830
1.081044
1.058385
1.010045
1.023510
0.947752
0.937118
0.978436
0.989746
0.997766
0.987840
1.011716
0.930710
0.899541
0.895901
0.876547
0.857517
0.863722
0.764617
0.766300
0.759703
0.807875
0.827321
0.733321
0.647045
0.629054
0.668024
0.519338
0.511953
0.553619
0.414245
0.398406
0.301127
