1.690624
1.522283
1.551772
1.260546
1.368811
1.226971
1.197852
1.199588
1.203339
1.200855
1.053086
1.141135
1.174517
1.144927
1.047800
1.102012
1.018311
1.076221
1.072300
1.021483
1.059670
0.987465
1.018305
0.982284
1.020150
0.981842
1.050638
1.034081
0.963592
0.990877
0.995191
0.946564
0.947076
0.970353
0.954118
0.915463
0.893362
0.918218
0.924110
0.924463
0.941262
0.951539
0.934505
0.909630
0.906906
0.891647
0.880259
0.882896
0.872396
0.850723
0.847794
0.840141
0.868329
0.880886
0.851377
0.812125
0.803006
0.822614
0.778297
0.766925
0.793304
0.738909
0.731650
0.690624
