3.777612273014936e-06
3.6597172552084555e-06
3.343990352051485e-06
2.5435463439437387e-06
2.466020054142853e-06
2.353253346411134e-06
1.363601439986024e-06
1.776385191400759e-06
1.8709331208790834e-06
1.4710173224481775e-06
1.2643720206470113e-06
1.2535976159952727e-06
1.726561006412591e-06
1.1822519331671373e-06
1.2802206203570518e-06
1.5848485761193076e-06
1.0707507042722096e-06
1.14081926595795e-06
1.110632811121531e-06
9.747350439880367e-07
1.3854775937092612e-06
1.3953604214609726e-06
9.957313975173522e-07
1.1328569432365869e-06
1.168138282589876e-06
1.1585120845237215e-06
1.0080573129918117e-06
1.3462738030206503e-06
9.821449643055431e-07
8.821929624406661e-07
1.0117374699963408e-06
8.640337848337463e-07
9.70943198804713e-07
9.458550203150121e-07
1.008635591891867e-06
1.0016173912718158e-06
6.112740410744871e-07
8.071565117588456e-07
8.44155559601359e-07
6.243377453051516e-07
6.313971299927759e-07
6.955121034843498e-07
5.443205442903712e-07
4.936931076623148e-07
5.093560277897549e-07
4.826384494272436e-07
5.816266317014742e-07
7.489370003913283e-07
4.324974525370318e-07
3.406293459229942e-07
4.4951752086631435e-07
4.1450457575175676e-07
4.1823578800451165e-07
3.1882840697292697e-07
2.387071513424427e-07
3.6032552220045655e-07
3.4471888542559023e-07
2.4618228133556154e-07
1.9830633126217775e-07
2.6387500143656155e-07
2.1886374226193706e-07
1.7305964862340866e-07
1.6669518712729247e-07
1.3738129151080722e-07