2.2248736588369033e-06
2.935208153191637e-06
2.8031296406046865e-06
3.0384921114198794e-06
2.9006858459428983e-06
3.15102982205794e-06
3.2844871602228832e-06
2.90649823638049e-06
2.8543091364033736e-06
3.0284163051292554e-06
3.1227499434740684e-06
3.2104941774365396e-06
3.214945042612622e-06
3.2264693611143156e-06
3.222971779390538e-06
3.784524798663208e-06
3.000676365368044e-06
3.3989000140278814e-06
3.1844625126901787e-06
2.596033706604236e-06
3.465718496728152e-06
3.203858685437997e-06
2.5768973202953602e-06
3.241461217563505e-06
3.446835058471368e-06
3.3327493032781653e-06
2.515751566616979e-06
2.983367762870531e-06
1.8858777250828974e-06
2.017610222805375e-06
2.5146884389446434e-06
2.3308264357879364e-06
2.5187475295423858e-06
2.3029936478208323e-06
2.3953584785251413e-06
2.025003820400333e-06
1.2656594802129267e-06
1.845882595116073e-06
1.9964602318517396e-06
1.5115112192141816e-06
1.5163291480305225e-06
1.5764758414394951e-06
1.0864332746813987e-06
1.0163582781192004e-06
1.1582933413686032e-06
1.08940793064378e-06
1.289180421051814e-06
1.7345494463175635e-06
8.926614480080898e-07
7.314365912830837e-07
1.0075701776081892e-06
8.910667117828846e-07
9.064002597001134e-07
6.658593439560125e-07
4.950352662963526e-07
7.448014338508377e-07
7.410829130806431e-07
4.917261017935832e-07
3.775604934626512e-07
5.196659666475341e-07
4.096539650020838e-07
3.125884742496906e-07
2.902600029290166e-07
2.227429072038813e-07