4.20555504603194e-06
4.281231266772116e-06
3.886289254772777e-06
2.590883793766217e-06
2.671481694578035e-06
2.255666799108226e-06
1.4610044685615225e-06
1.7158923339573918e-06
1.9129446383371956e-06
1.2867978786184332e-06
8.85978040674662e-07
1.0305711122682275e-06
1.4163527892131667e-06
9.680346194671103e-07
8.816166418424218e-07
9.98454722042773e-07
6.712145004928467e-07
7.702532248606972e-07
7.25783693287805e-07
6.703249968217581e-07
9.948337746455203e-07
8.910551260882143e-07
6.321788491794055e-07
5.738701124043415e-07
5.915807831913814e-07
5.996350232558007e-07
5.946530496517471e-07
8.428899605772284e-07
6.566864076448802e-07
5.222061254063999e-07
5.358107910580822e-07
4.2442010727921213e-07
4.592192389002312e-07
5.047216944332078e-07
6.129184481934301e-07
6.905588188665289e-07
3.9199936761145593e-07
4.3269504206234074e-07
4.043735023525055e-07
2.9839979017266666e-07
3.239891529897839e-07
3.952535776094039e-07
3.5265757168800845e-07
2.972392441740337e-07
2.8026870101412936e-07
2.494684726281604e-07
2.732736325439026e-07
3.662300215433104e-07
2.83772647540106e-07
1.9701629016231636e-07
2.270069417653771e-07
2.1206638359067792e-07
2.0600941987993482e-07
1.9243257140442858e-07
1.4568099264968903e-07
1.8727022898139378e-07
1.8557678879402967e-07
1.426025042203575e-07
1.2704639873589497e-07
1.4628130150938004e-07
1.3205908405837216e-07
1.1274908970219848e-07
1.1227827346504353e-07
9.763634107113042e-08
