72.397712
50.423009
49.832171
37.742500
39.219221
36.261339
25.674184
32.956596
33.602117
25.143639
16.582496
23.942331
29.320864
23.900648
15.798728
11.476625
14.204486
22.042908
22.259045
14.776403
11.404088
9.719831
10.655591
13.710894
16.402160
12.772791
10.863397
10.158288
8.592856
9.780211
11.200723
11.199679
11.496397
10.881925
9.841368
8.792156
8.624099
10.025139
10.226698
10.854610
10.487877
10.123413
7.973424
8.595392
9.679420
10.287030
10.200627
9.960889
8.814735
8.804238
8.752383
9.408038
9.036565
8.035706
6.171532
7.602850
7.815208
6.868833
5.712055
6.008775
5.329564
3.557609
3.722705
2.291206
