48.165797
43.157388
39.073358
27.750914
30.818598
32.682958
20.661064
25.602425
23.280990
19.699706
16.453462
18.033752
20.197826
18.277581
16.586429
15.748867
15.954983
16.414830
17.013847
15.172474
15.945201
14.782010
15.603869
15.365722
15.209694
15.486801
15.648781
15.585201
12.443613
14.880188
15.947595
15.473794
15.295114
16.664773
14.182471
12.246022
11.060864
15.321976
15.673711
15.675970
15.574762
14.951957
11.540552
11.068929
13.631128
13.978053
14.243678
13.199598
11.751208
8.804996
11.189109
11.471110
10.768162
9.362545
6.279976
7.940224
7.823622
6.775516
4.146322
4.804166
4.396224
2.579159
2.530229
1.948159
