19.484444
22.424932
21.329468
21.396308
22.216509
21.980662
22.197273
22.380621
22.277150
21.913925
21.608800
22.429893
22.709035
22.283976
21.627596
20.058895
21.636851
22.208660
22.833356
21.484940
20.589282
16.096880
20.176023
22.019741
21.278675
21.420989
19.756883
16.116354
9.377721
15.929811
19.349544
19.907666
19.890850
20.817335
15.914666
8.983192
9.551784
16.864209
17.748045
18.132787
17.592001
15.748379
10.115780
10.194187
13.797862
14.469064
14.717004
13.585815
11.073994
8.244937
10.827882
11.062686
10.288519
8.662305
5.637340
7.303097
7.216158
6.189685
3.618649
4.255823
3.840493
2.079271
1.983072
1.090265
