4.059723040800813e-06
4.945283115716546e-06
4.833715096000765e-06
5.450571286755387e-06
5.13790919442446e-06
5.362170465584353e-06
5.527499791479395e-06
5.49141215289738e-06
5.527005800812476e-06
5.570442779593531e-06
5.410748681339008e-06
5.567424784327306e-06
5.5086851079370714e-06
5.555923454932864e-06
5.566829075757655e-06
5.034571025123684e-06
5.401567618621843e-06
5.454359030442182e-06
5.458191603737025e-06
5.26893576042588e-06
4.836297156566109e-06
4.433480776665674e-06
4.6332598222239245e-06
4.991538722394213e-06
5.147576325600191e-06
5.0713291829029086e-06
4.7832133877166515e-06
4.69971326277322e-06
4.411758447654158e-06
4.356824362408419e-06
4.5223838920202734e-06
4.594262842958676e-06
4.5516859494322915e-06
4.407282407714277e-06
4.132151334457931e-06
4.0915798783523335e-06
3.7658905883697222e-06
3.809551440300277e-06
4.043013054296086e-06
4.113971942688458e-06
4.136845167392181e-06
4.041021343666974e-06
4.055483797220726e-06
3.717360384244838e-06
3.6519857881581763e-06
3.66240645839166e-06
3.5778467926418343e-06
3.464161484575656e-06
3.4202675519768202e-06
3.0187835765010974e-06
3.062808497144414e-06
3.0492694862452904e-06
3.2447168917516384e-06
3.293336897948482e-06
2.89385629903268e-06
2.560096122734015e-06
2.4776428145262894e-06
2.614751452348267e-06
2.016435746101123e-06
1.9848045413173154e-06
2.163494092973282e-06
1.5951575699181396e-06
1.5330711479359204e-06
1.1526047544721445e-06
