4.34558723011845e-06
3.726552472003777e-06
3.834439200689101e-06
2.7458856696787684e-06
3.158571662365335e-06
2.622142699434285e-06
2.529185072482966e-06
2.525186244258879e-06
2.5422679224703355e-06
2.539506960553664e-06
1.9687682378885655e-06
2.312264827290375e-06
2.434931392808527e-06
2.331827423846443e-06
1.9567031461053934e-06
2.166381498632694e-06
1.841947065519966e-06
2.0666346325704654e-06
2.051022682551508e-06
1.8443780275311666e-06
1.996828256937818e-06
1.697504294017626e-06
1.8350308379480558e-06
1.6951071235939687e-06
1.8475192064078143e-06
1.6978942379821178e-06
1.9655076069196456e-06
1.878376157070729e-06
1.5739964858610737e-06
1.7087247691853395e-06
1.744807421093777e-06
1.5576988501511528e-06
1.557660513174975e-06
1.6426085608958403e-06
1.5644844791040573e-06
1.3912349262813892e-06
1.3017849525090734e-06
1.4217827588325229e-06
1.4567128771173096e-06
1.462351005061552e-06
1.5250025441446727e-06
1.5499366187682195e-06
1.4614169883412091e-06
1.3676137286120887e-06
1.373813580825009e-06
1.320973324545987e-06
1.2734449256948075e-06
1.2756720659496191e-06
1.2212289663352422e-06
1.1364218403000191e-06
1.1321046274140586e-06
1.106422332414891e-06
1.2140265877866077e-06
1.2594465825269127e-06
1.136558753036713e-06
9.900319765538871e-07
9.521643033928699e-07
1.0231443287429225e-06
8.559235434625655e-07
8.095965908816019e-07
9.169230941633712e-07
7.08366700207882e-07
6.809756386379359e-07
5.287543622662527e-07
