4.901767465450597e-06
4.240186562132537e-06
4.3101269394115945e-06
2.875994974888438e-06
3.437876130545629e-06
2.7032406683704223e-06
2.329011937664362e-06
2.3859822352348608e-06
2.4708253803733957e-06
2.417007686842559e-06
1.6799053860135005e-06
2.049944753275507e-06
2.1590051604556864e-06
2.0070136894532024e-06
1.5594175446830537e-06
1.5892243277065667e-06
1.402695111862062e-06
1.666010468978141e-06
1.6735462553451019e-06
1.4801212911835256e-06
1.6117819012579966e-06
1.254102071167128e-06
1.4119661332603253e-06
1.2778984112472681e-06
1.3852613719672736e-06
1.231953853126419e-06
1.395117941903256e-06
1.266608506285044e-06
9.252892339652763e-07
1.1166516104511408e-06
1.177690314178129e-06
1.0751903009594385e-06
1.0883424808953085e-06
1.1804284265071954e-06
1.1037475308005183e-06
8.722907633806846e-07
7.896479880634935e-07
9.470166437729634e-07
9.589026288110296e-07
9.58705752726914e-07
9.644029716735889e-07
9.698488444609602e-07
8.430922623695955e-07
7.762498825985976e-07
8.097296458742959e-07
7.785902157523996e-07
7.676724917802089e-07
7.813735020660771e-07
7.185812720739566e-07
6.502722177472282e-07
6.428442818617223e-07
5.899573315578725e-07
6.768866418251899e-07
7.05814572170494e-07
6.253345600893629e-07
5.198071128226269e-07
4.993983192578902e-07
5.655420159821502e-07
4.758644522309789e-07
4.261822689323532e-07
5.12388834188259e-07
4.0261902209511215e-07
3.842635609879969e-07
3.1419750398840364e-07
