2.098255
2.121078
1.990782
1.573541
1.598721
1.465920
1.208228
1.291648
1.355562
1.152591
1.022455
1.069729
1.192637
1.048915
1.020148
1.058056
0.953388
0.985739
0.970732
0.952955
1.054587
1.022144
0.939672
0.921383
0.926398
0.930340
0.928455
1.007983
0.948819
0.905376
0.909405
0.872957
0.884108
0.899242
0.932962
0.959636
0.863421
0.875944
0.866811
0.832962
0.841458
0.864511
0.850989
0.833164
0.827390
0.817623
0.825161
0.854295
0.828724
0.800877
0.810341
0.805675
0.803635
0.799447
0.784523
0.797546
0.797223
0.783365
0.778561
0.784668
0.780155
0.773997
0.773803
0.769185
