2.047053
1.994626
1.877157
1.573491
1.541439
1.501394
1.122710
1.279645
1.316883
1.160463
1.082015
1.077881
1.259661
1.052059
1.089072
1.203000
1.009182
1.035413
1.024264
0.971654
1.124089
1.129240
0.978195
1.031987
1.044324
1.043129
0.986624
1.112620
0.976492
0.938049
0.986963
0.930513
0.969672
0.961104
0.981613
0.982826
0.836012
0.909089
0.923321
0.840652
0.843778
0.868367
0.812121
0.792382
0.797561
0.787737
0.824375
0.886498
0.768897
0.734711
0.775214
0.762320
0.763706
0.726465
0.696453
0.741600
0.736251
0.699213
0.681527
0.705858
0.689086
0.672145
0.669469
0.658686
