1.056978
1.259763
1.219968
1.281888
1.247554
1.316027
1.349741
1.244442
1.231297
1.273798
1.300876
1.329586
1.334264
1.335118
1.331137
1.491669
1.272207
1.382820
1.324536
1.155618
1.382303
1.320506
1.144986
1.337967
1.395356
1.366547
1.138327
1.266188
0.956655
0.994309
1.135581
1.081377
1.133493
1.073627
1.094368
0.991466
0.780307
0.945468
0.987198
0.850632
0.853688
0.870087
0.731681
0.712816
0.752435
0.731636
0.787500
0.912423
0.675720
0.630691
0.708571
0.676829
0.680594
0.612609
0.564298
0.634620
0.633852
0.563281
0.531300
0.571229
0.540399
0.513105
0.506707
0.487982
