2.332095
1.816488
1.802625
1.518957
1.553606
1.484204
1.235790
1.406662
1.421809
1.223342
1.022466
1.195155
1.321355
1.194177
1.004076
0.902664
0.966670
1.150587
1.155659
0.980089
0.900962
0.861443
0.883400
0.955088
1.018235
0.933077
0.888275
0.871731
0.835000
0.862860
0.896190
0.896166
0.903128
0.888710
0.864295
0.839677
0.835733
0.868607
0.873336
0.888069
0.879464
0.870913
0.820466
0.835060
0.860495
0.874752
0.872724
0.867099
0.840206
0.839960
0.838743
0.854127
0.845411
0.821928
0.778187
0.811771
0.816754
0.794548
0.767406
0.774368
0.758432
0.716855
0.720729
0.687141
