2.378879
1.752871
1.717836
1.468031
1.476284
1.452457
1.142976
1.392984
1.404679
1.160295
1.001741
1.172733
1.341131
1.154101
1.017749
0.911777
0.987113
1.150529
1.162074
0.988101
0.870430
0.812117
0.886372
0.963829
1.017026
0.920301
0.921741
0.897043
0.723500
0.908114
0.946534
0.913946
0.943077
0.941141
0.867234
0.728507
0.814450
0.904029
0.960499
0.963901
0.955057
0.939075
0.778081
0.852172
0.948680
0.999869
0.997550
0.960334
0.841364
0.894196
0.911994
0.981631
0.928508
0.850897
0.743468
0.866214
0.875768
0.790317
0.712648
0.744435
0.700956
0.563379
0.567547
0.457724
