1.086590
1.218022
1.179173
1.158078
1.182314
1.171091
1.204146
1.218894
1.217179
1.205208
1.267908
1.270705
1.291327
1.257781
1.225553
1.186080
1.258475
1.278349
1.315574
1.283692
1.185620
0.968884
1.191715
1.271052
1.288949
1.233179
1.195323
1.012587
0.491253
1.032714
1.190813
1.213806
1.230046
1.241984
1.041344
0.537963
0.723179
1.036963
1.192449
1.213518
1.170484
1.057556
0.625942
0.758275
1.029174
1.122713
1.137730
1.079393
0.784978
0.841450
0.913749
1.006421
0.914358
0.751327
0.564500
0.758214
0.777013
0.647809
0.493041
0.536432
0.468160
0.250200
0.258041
0.083560
