1.176566
1.311091
1.260975
1.264033
1.301556
1.290766
1.300676
1.309064
1.304330
1.287713
1.273754
1.311318
1.324089
1.304643
1.274614
1.202847
1.275037
1.301197
1.329776
1.268087
1.227112
1.021588
1.208206
1.292554
1.258651
1.265162
1.189030
1.022479
0.714192
1.013945
1.170395
1.195928
1.195159
1.237545
1.013252
0.696143
0.722155
1.056693
1.097128
1.114729
1.089989
1.005645
0.747958
0.751545
0.916410
0.947117
0.958460
0.906709
0.791795
0.662368
0.780536
0.791278
0.755860
0.681462
0.543073
0.619280
0.615302
0.568342
0.450719
0.479869
0.460868
0.380294
0.375893
0.335048
