2.136238
1.961357
1.818754
1.423404
1.530520
1.595618
1.175846
1.348385
1.267327
1.142278
1.028928
1.084107
1.159671
1.092621
1.033571
1.004325
1.011522
1.027579
1.048495
0.984199
1.011181
0.970565
0.999262
0.990947
0.985499
0.995174
1.000830
0.998610
0.888914
0.973993
1.011264
0.994720
0.988481
1.036306
0.949631
0.882015
0.840633
0.989419
1.001701
1.001780
0.998246
0.976499
0.857382
0.840914
0.930379
0.942493
0.951768
0.915311
0.864738
0.761864
0.845111
0.854957
0.830412
0.781332
0.673697
0.731668
0.727597
0.691000
0.599195
0.622165
0.607921
0.544474
0.542766
0.522441
