2.162476
1.969131
1.897552
1.507169
1.608945
1.584838
1.218330
1.387596
1.340992
1.199813
1.040978
1.133182
1.180908
1.133360
1.080886
0.977756
1.024758
1.038155
1.052415
0.961899
0.974084
0.943898
0.935688
0.926838
0.955149
0.960638
0.946139
0.958364
0.930553
0.909382
0.917932
0.918675
0.904380
0.922816
0.896443
0.938430
0.880363
0.889410
0.887902
0.892806
0.897598
0.879077
0.865941
0.819652
0.851563
0.858283
0.858791
0.845010
0.846900
0.789347
0.809651
0.813526
0.801698
0.788195
0.743289
0.762658
0.760903
0.756936
0.716787
0.721735
0.719203
0.698758
0.701573
0.701897
