0.960955
1.200266
1.169204
1.320289
1.243123
1.297321
1.341944
1.329080
1.338592
1.355123
1.311654
1.349418
1.331952
1.349241
1.347614
1.228436
1.307971
1.321275
1.323067
1.277341
1.175804
1.090833
1.125090
1.207370
1.245821
1.224440
1.164673
1.163354
1.113680
1.071569
1.095902
1.107116
1.095576
1.068854
1.011846
1.027725
0.938383
0.925843
0.974569
0.987907
0.997365
0.985660
1.013817
0.918286
0.881527
0.877235
0.854411
0.831968
0.839286
0.722411
0.724395
0.716615
0.773425
0.796357
0.685502
0.583757
0.562539
0.608497
0.433150
0.424441
0.473578
0.309212
0.290533
0.175812
