2.119111
1.906007
1.927937
1.471829
1.643487
1.416542
1.291878
1.312614
1.338738
1.319032
1.093995
1.204478
1.240527
1.190424
1.052793
1.061764
1.004170
1.085553
1.087814
1.030835
1.067941
0.962075
1.006652
0.967172
0.997966
0.951822
1.001947
0.965575
0.864460
0.919412
0.935411
0.903877
0.908558
0.936730
0.915284
0.848036
0.822583
0.868110
0.869630
0.868821
0.870947
0.874884
0.839134
0.818085
0.826393
0.815453
0.811840
0.817853
0.800544
0.779390
0.775868
0.759652
0.787047
0.796213
0.772828
0.739262
0.732927
0.754112
0.725116
0.710678
0.737036
0.702326
0.696633
0.674186
