2.088235
1.822975
1.869441
1.410549
1.581145
1.357644
1.311760
1.314495
1.320407
1.316493
1.083649
1.222391
1.274991
1.228365
1.075320
1.160744
1.028853
1.120103
1.113926
1.033851
1.094023
0.980248
1.028844
0.972085
1.031751
0.971388
1.079791
1.053703
0.942631
0.985624
0.992422
0.915799
0.916606
0.953284
0.927703
0.866793
0.831967
0.871133
0.880419
0.880975
0.907445
0.923639
0.896798
0.857601
0.853309
0.829266
0.811321
0.815476
0.798932
0.764781
0.760165
0.748107
0.792522
0.812309
0.765812
0.703961
0.689592
0.720488
0.650657
0.632738
0.674303
0.588593
0.577153
0.512509
