0.072416
0.075003
0.061386
0.032318
0.033593
0.027389
0.018429
0.020951
0.023114
0.016918
0.013849
0.014894
0.017992
0.014425
0.013800
0.014629
0.012454
0.013089
0.012791
0.012446
0.014551
0.013843
0.012194
0.011856
0.011948
0.012020
0.011986
0.013545
0.012367
0.011568
0.011640
0.011005
0.011196
0.011459
0.012069
0.012574
0.010845
0.011056
0.010902
0.010349
0.010485
0.010863
0.010640
0.010352
0.010261
0.010108
0.010226
0.010694
0.010282
0.009851
0.009995
0.009924
0.009893
0.009829
0.009606
0.009800
0.009796
0.009589
0.009518
0.009608
0.009542
0.009452
0.009449
0.009382
