0.015200
0.021604
0.020164
0.022449
0.021152
0.023818
0.025252
0.021038
0.020564
0.022136
0.023200
0.024384
0.024583
0.024619
0.024450
0.032297
0.022075
0.026742
0.024172
0.018035
0.026718
0.024004
0.017705
0.024741
0.027330
0.025998
0.017502
0.021846
0.012773
0.013635
0.017419
0.015856
0.017356
0.015645
0.016218
0.013568
0.009408
0.012527
0.013468
0.010628
0.010684
0.010993
0.008647
0.008369
0.008964
0.008647
0.009526
0.011830
0.007848
0.007258
0.008308
0.007863
0.007914
0.007034
0.006469
0.007308
0.007298
0.006458
0.006109
0.006547
0.006206
0.005920
0.005854
0.005667
