0.055741
0.052049
0.044639
0.030013
0.028781
0.027313
0.016648
0.020440
0.021459
0.017491
0.015786
0.015701
0.019913
0.015180
0.015932
0.018491
0.014352
0.014853
0.014638
0.013665
0.016678
0.016791
0.013782
0.014786
0.015027
0.015003
0.013935
0.016430
0.013752
0.013078
0.013941
0.012949
0.013630
0.013478
0.013844
0.013866
0.011444
0.012592
0.012828
0.011514
0.011561
0.011939
0.011093
0.010810
0.010883
0.010745
0.011272
0.012225
0.010483
0.010025
0.010570
0.010393
0.010412
0.009917
0.009536
0.010116
0.010045
0.009570
0.009352
0.009654
0.009444
0.009238
0.009205
0.009076
