0.015723
0.021944
0.019884
0.018849
0.020044
0.019481
0.021185
0.021992
0.021897
0.021242
0.024903
0.025081
0.026427
0.024272
0.022367
0.020236
0.024315
0.025572
0.028104
0.025921
0.020212
0.011665
0.020527
0.025103
0.026269
0.022804
0.020716
0.013032
0.003473
0.013715
0.020480
0.021710
0.022623
0.023319
0.014018
0.003910
0.006255
0.013863
0.020565
0.021694
0.019451
0.014607
0.004888
0.006837
0.013592
0.017231
0.017900
0.015438
0.007316
0.008443
0.010142
0.012830
0.010158
0.006718
0.004182
0.006836
0.007170
0.005167
0.003489
0.003895
0.003276
0.001885
0.001922
0.001235
