0.123393
0.044624
0.042155
0.028092
0.028471
0.027390
0.016566
0.024868
0.025345
0.017039
0.013169
0.017387
0.022858
0.016868
0.013516
0.011379
0.012860
0.016771
0.017088
0.012881
0.010639
0.009678
0.010918
0.012383
0.013501
0.011537
0.011564
0.011109
0.008380
0.011311
0.012040
0.011419
0.011972
0.011935
0.010584
0.008448
0.009714
0.011236
0.012316
0.012384
0.012207
0.011895
0.009157
0.010328
0.012082
0.013129
0.013080
0.012313
0.010149
0.011058
0.011383
0.012746
0.011692
0.010307
0.008656
0.010567
0.010732
0.009341
0.008233
0.008670
0.008078
0.006460
0.006504
0.005441
