0.223409
0.067797
0.065658
0.034069
0.036912
0.031438
0.017699
0.026277
0.027213
0.017196
0.010806
0.016111
0.021572
0.016075
0.010356
0.008191
0.009498
0.014533
0.014705
0.009797
0.008159
0.007446
0.007834
0.009247
0.010701
0.008788
0.007923
0.007626
0.007004
0.007471
0.008069
0.008069
0.008200
0.007931
0.007495
0.007081
0.007016
0.007571
0.007654
0.007919
0.007763
0.007611
0.006773
0.007005
0.007430
0.007679
0.007643
0.007544
0.007089
0.007085
0.007065
0.007321
0.007175
0.006796
0.006142
0.006638
0.006715
0.006379
0.005991
0.006088
0.005868
0.005330
0.005378
0.004976
