0.019260
0.030351
0.025620
0.025886
0.029388
0.028335
0.029300
0.030143
0.029665
0.028044
0.026751
0.030374
0.031714
0.029696
0.026829
0.021049
0.026868
0.029352
0.032330
0.026244
0.022849
0.011405
0.021434
0.028507
0.025420
0.025985
0.020089
0.011440
0.004034
0.011114
0.018862
0.020563
0.020509
0.023669
0.011088
0.003795
0.004144
0.012842
0.014724
0.015626
0.014372
0.010807
0.004522
0.004577
0.007992
0.008867
0.009213
0.007734
0.005245
0.003386
0.005049
0.005235
0.004645
0.003612
0.002262
0.002927
0.002888
0.002464
0.001655
0.001827
0.001713
0.001305
0.001285
0.001120
