0.132395
0.088087
0.075753
0.033274
0.041234
0.039191
0.018103
0.025862
0.023443
0.017410
0.012457
0.015129
0.016730
0.015135
0.013550
0.010903
0.012038
0.012383
0.012761
0.010545
0.010819
0.010152
0.009978
0.009794
0.010396
0.010517
0.010200
0.010467
0.009871
0.009440
0.009612
0.009627
0.009341
0.009711
0.009186
0.010036
0.008880
0.009051
0.009022
0.009116
0.009208
0.008856
0.008614
0.007814
0.008357
0.008476
0.008485
0.008242
0.008275
0.007330
0.007651
0.007713
0.007523
0.007312
0.006652
0.006929
0.006904
0.006846
0.006291
0.006357
0.006323
0.006056
0.006092
0.006096
