0.091197
0.067628
0.052995
0.026958
0.032376
0.036187
0.017655
0.023712
0.020644
0.016670
0.013733
0.015092
0.017173
0.015313
0.013843
0.013168
0.013331
0.013702
0.014200
0.012722
0.013323
0.012429
0.013054
0.012870
0.012750
0.012963
0.013089
0.013039
0.010810
0.012502
0.013325
0.012953
0.012816
0.013908
0.011992
0.010683
0.009953
0.012836
0.013109
0.013110
0.013031
0.012556
0.010242
0.009958
0.011604
0.011847
0.012036
0.011309
0.010372
0.008699
0.010030
0.010200
0.009781
0.008993
0.007482
0.008261
0.008204
0.007706
0.006587
0.006851
0.006686
0.005999
0.005981
0.005777
