0.073920
0.048948
0.052613
0.025786
0.033614
0.023751
0.022116
0.022211
0.022416
0.022280
0.015515
0.019249
0.020888
0.019428
0.015316
0.017490
0.014249
0.016420
0.016263
0.014360
0.015768
0.013212
0.014249
0.013046
0.014313
0.013032
0.015423
0.014810
0.012462
0.013323
0.013465
0.011953
0.011968
0.012670
0.012176
0.011077
0.010493
0.011152
0.011314
0.011323
0.011799
0.012100
0.011605
0.010919
0.010847
0.010449
0.010162
0.010228
0.009968
0.009453
0.009385
0.009211
0.009869
0.010177
0.009468
0.008600
0.008410
0.008824
0.007917
0.007699
0.008213
0.007189
0.007062
0.006387
