0.011949
0.020321
0.018968
0.026522
0.022348
0.025204
0.027827
0.027044
0.027621
0.028653
0.026018
0.028292
0.027217
0.028281
0.028179
0.021632
0.025807
0.026580
0.026686
0.024111
0.019247
0.015940
0.017199
0.020644
0.022482
0.021441
0.018778
0.018723
0.016769
0.015273
0.016121
0.016527
0.016109
0.015182
0.013378
0.013857
0.011366
0.011054
0.012316
0.012686
0.012955
0.012623
0.013436
0.010870
0.010019
0.009924
0.009434
0.008975
0.009122
0.007039
0.007070
0.006949
0.007882
0.008294
0.006485
0.005175
0.004937
0.005467
0.003705
0.003634
0.004052
0.002814
0.002700
0.002093
