0.115756
0.075030
0.078454
0.031015
0.043980
0.027715
0.021506
0.022433
0.023657
0.022727
0.014378
0.018002
0.019372
0.017495
0.013222
0.013465
0.011976
0.014133
0.014198
0.012644
0.013636
0.010993
0.012037
0.011108
0.011826
0.010766
0.011922
0.011072
0.009013
0.010079
0.010413
0.009766
0.009859
0.010441
0.009995
0.008717
0.008277
0.009080
0.009108
0.009093
0.009133
0.009206
0.008560
0.008201
0.008341
0.008158
0.008098
0.008197
0.007914
0.007580
0.007526
0.007282
0.007699
0.007844
0.007480
0.006986
0.006897
0.007200
0.006788
0.006591
0.006954
0.006480
0.006406
0.006120
