0.113072
0.114969
0.104139
0.069460
0.071553
0.060515
0.039097
0.046030
0.051342
0.034472
0.023656
0.027585
0.037801
0.025855
0.023464
0.026615
0.017916
0.020604
0.019357
0.017880
0.026327
0.023630
0.016776
0.015255
0.015672
0.016000
0.015843
0.022453
0.017536
0.013925
0.014260
0.011231
0.012157
0.013415
0.016218
0.018435
0.010438
0.011479
0.010720
0.007906
0.008612
0.010528
0.009405
0.007923
0.007443
0.006631
0.007258
0.009679
0.007554
0.005240
0.006026
0.005638
0.005469
0.005121
0.003880
0.004963
0.004936
0.003784
0.003385
0.003892
0.003517
0.003005
0.002989
0.002605
