0.101773
0.098068
0.089767
0.068309
0.066044
0.063214
0.036454
0.047544
0.050175
0.039121
0.033578
0.033286
0.046131
0.031461
0.034077
0.042127
0.028431
0.030285
0.029497
0.025779
0.036551
0.036915
0.026241
0.030043
0.030914
0.030830
0.026837
0.035741
0.026121
0.023404
0.026861
0.022872
0.025639
0.025034
0.026483
0.026569
0.016194
0.021358
0.022364
0.016522
0.016743
0.018480
0.014506
0.013111
0.013477
0.012782
0.015371
0.019761
0.011451
0.009035
0.011897
0.010986
0.011084
0.008453
0.006332
0.009522
0.009144
0.006527
0.005277
0.006996
0.005811
0.004614
0.004425
0.003663
