0.108706
0.075711
0.074824
0.056671
0.058888
0.054447
0.038550
0.049485
0.050454
0.037753
0.024899
0.035950
0.044026
0.035887
0.023722
0.017232
0.021328
0.033098
0.033422
0.022187
0.017123
0.014594
0.015999
0.020587
0.024628
0.019178
0.016312
0.015253
0.012902
0.014685
0.016818
0.016816
0.017262
0.016339
0.014777
0.013202
0.012949
0.015053
0.015355
0.016298
0.015748
0.015200
0.011972
0.012906
0.014534
0.015446
0.015316
0.014956
0.013235
0.013220
0.013142
0.014126
0.013569
0.012066
0.009267
0.011416
0.011735
0.010314
0.008577
0.009022
0.008002
0.005342
0.005590
0.003440
