0.083930
0.093154
0.090427
0.088947
0.090648
0.089860
0.092180
0.093215
0.093095
0.092255
0.096655
0.096851
0.098298
0.095944
0.093682
0.090912
0.095993
0.097388
0.100000
0.097763
0.090880
0.075669
0.091308
0.096875
0.098131
0.094218
0.091561
0.078736
0.042149
0.080149
0.091244
0.092858
0.093998
0.094836
0.080755
0.045427
0.058426
0.080447
0.091359
0.092838
0.089818
0.081892
0.051602
0.060889
0.079901
0.086465
0.087519
0.083425
0.062763
0.066726
0.071800
0.078304
0.071843
0.060401
0.047290
0.060885
0.062204
0.053136
0.042275
0.045320
0.040529
0.025232
0.025783
0.013538
