0.085333
0.098211
0.093414
0.093706
0.097298
0.096266
0.097214
0.098017
0.097564
0.095973
0.094637
0.098233
0.099456
0.097594
0.094719
0.087849
0.094760
0.097264
0.100000
0.094095
0.090172
0.070497
0.088362
0.096437
0.093191
0.093814
0.086526
0.070583
0.041070
0.069766
0.084742
0.087187
0.087113
0.091171
0.069699
0.039342
0.041833
0.073858
0.077729
0.079414
0.077045
0.068971
0.044303
0.044646
0.060429
0.063368
0.064454
0.059500
0.048499
0.036109
0.047421
0.048450
0.045059
0.037937
0.024689
0.031984
0.031604
0.027108
0.015848
0.018639
0.016820
0.009106
0.008685
0.004775
