0.089883
0.078346
0.074074
0.050778
0.056852
0.055413
0.033542
0.043643
0.040862
0.032437
0.022959
0.028461
0.031309
0.028472
0.025340
0.019186
0.021991
0.022790
0.023641
0.018240
0.018967
0.017166
0.016676
0.016148
0.017837
0.018165
0.017300
0.018029
0.016369
0.015106
0.015616
0.015661
0.014808
0.015908
0.014334
0.016839
0.013374
0.013914
0.013824
0.014117
0.014403
0.013298
0.012514
0.009751
0.011656
0.012057
0.012087
0.011265
0.011377
0.007943
0.009155
0.009386
0.008680
0.007874
0.005195
0.006350
0.006246
0.006009
0.003613
0.003908
0.003757
0.002537
0.002705
0.002725
