0.081421
0.072955
0.066051
0.046911
0.052097
0.055248
0.034926
0.043279
0.039355
0.033301
0.027813
0.030485
0.034143
0.030897
0.028038
0.026622
0.026971
0.027748
0.028761
0.025648
0.026954
0.024988
0.026377
0.025975
0.025711
0.026179
0.026453
0.026346
0.021035
0.025154
0.026958
0.026157
0.025855
0.028171
0.023974
0.020701
0.018698
0.025901
0.026495
0.026499
0.026328
0.025275
0.019508
0.018711
0.023042
0.023629
0.024078
0.022313
0.019865
0.014884
0.018914
0.019391
0.018203
0.015827
0.010616
0.013422
0.013225
0.011454
0.007009
0.008121
0.007432
0.004360
0.004277
0.003293
