0.073879
0.089738
0.087679
0.097692
0.092578
0.096169
0.099127
0.098274
0.098905
0.100000
0.097119
0.099622
0.098465
0.099610
0.099502
0.091605
0.096875
0.097757
0.097876
0.094845
0.088117
0.082486
0.084756
0.090208
0.092757
0.091340
0.087379
0.087292
0.084000
0.081209
0.082822
0.083565
0.082800
0.081029
0.077251
0.078303
0.072383
0.071552
0.074781
0.075665
0.076292
0.075516
0.077382
0.071051
0.068615
0.068331
0.066818
0.065331
0.065816
0.058070
0.058202
0.057686
0.061451
0.062971
0.055624
0.048882
0.047476
0.050521
0.038901
0.038324
0.041580
0.030688
0.029450
0.021847
