0.093761
0.080811
0.082143
0.054425
0.064857
0.051065
0.043489
0.044749
0.046337
0.045139
0.031463
0.038177
0.040368
0.037323
0.028959
0.029504
0.026004
0.030950
0.031088
0.027625
0.029880
0.023446
0.026155
0.023756
0.025627
0.022823
0.025869
0.023659
0.017514
0.020853
0.021826
0.019909
0.020194
0.021906
0.020603
0.016516
0.014969
0.017736
0.017828
0.017779
0.017908
0.018147
0.015975
0.014696
0.015200
0.014536
0.014316
0.014681
0.013630
0.012344
0.012130
0.011144
0.012809
0.013366
0.011945
0.009905
0.009520
0.010808
0.009046
0.008168
0.009770
0.007661
0.007315
0.005951
