0.112492
0.113829
0.104914
0.069373
0.071632
0.060416
0.039402
0.046068
0.051478
0.034662
0.024118
0.027861
0.038283
0.026284
0.024061
0.027163
0.018577
0.021227
0.019813
0.018244
0.026931
0.024199
0.017326
0.015868
0.016422
0.016584
0.016277
0.022659
0.017693
0.014134
0.014792
0.011793
0.012735
0.013906
0.016667
0.018620
0.010631
0.011886
0.011156
0.008187
0.008933
0.010655
0.009443
0.007992
0.007587
0.006740
0.007512
0.010075
0.007726
0.005338
0.006198
0.005732
0.005468
0.005160
0.003930
0.005008
0.004989
0.003878
0.003449
0.003939
0.003527
0.003027
0.003014
0.002633
