0.099505
0.096966
0.088257
0.067228
0.065300
0.062293
0.036095
0.046935
0.049400
0.038965
0.033288
0.033294
0.045577
0.031365
0.033961
0.041767
0.028526
0.030321
0.029463
0.025844
0.036378
0.036750
0.026312
0.030022
0.030944
0.030701
0.026665
0.035183
0.025665
0.022968
0.026903
0.022985
0.025767
0.025090
0.026527
0.026261
0.016111
0.021266
0.022294
0.016470
0.016720
0.018108
0.014195
0.012753
0.013244
0.012522
0.015353
0.019798
0.011404
0.008982
0.011842
0.010706
0.010605
0.008319
0.006215
0.009276
0.008948
0.006505
0.005211
0.006839
0.005698
0.004536
0.004372
0.003576
