0.059517
0.078344
0.074613
0.081602
0.077638
0.084117
0.087286
0.077464
0.075867
0.080317
0.082954
0.085021
0.085523
0.086031
0.085769
0.100000
0.080011
0.090226
0.084407
0.068909
0.090742
0.084615
0.067925
0.086252
0.091633
0.088967
0.066453
0.077765
0.049147
0.052822
0.067123
0.061871
0.066743
0.061273
0.062955
0.052999
0.033300
0.048994
0.052920
0.040018
0.040205
0.041038
0.028198
0.026201
0.030242
0.028449
0.033968
0.046037
0.023682
0.019378
0.026471
0.023154
0.023103
0.017308
0.012857
0.019207
0.019398
0.013066
0.009961
0.013465
0.010554
0.008120
0.007555
0.005758
