0.073652
0.066073
0.063124
0.031427
0.073154
0.038467
0.027934
0.045364
0.030829
0.023151
0.010111
0.026806
0.013460
0.029212
0.013758
0.013228
0.012061
0.013480
0.018562
0.009809
0.010016
0.011403
0.011560
0.008593
0.012724
0.007899
0.015064
0.012186
0.014786
0.010723
0.009436
0.008429
0.007989
0.010373
0.012962
0.014190
0.013879
0.012809
0.008821
0.007888
0.010170
0.008448
0.014533
0.009528
0.008549
0.008680
0.007609
0.008741
0.010621
0.008022
0.006914
0.008237
0.008714
0.009771
0.008795
0.008779
0.007497
0.005781
0.006003
0.007095
0.008144
0.006878
0.006457
0.006248
