0.089505
0.083926
0.078729
0.036051
0.099045
0.048220
0.030675
0.076920
0.045272
0.028888
0.009605
0.039899
0.043965
0.039126
0.010748
0.012680
0.009852
0.019038
0.034482
0.010850
0.009680
0.010285
0.010722
0.009206
0.017232
0.006373
0.015159
0.016378
0.018430
0.024300
0.007869
0.005965
0.005774
0.009581
0.011243
0.014195
0.013948
0.013147
0.006318
0.002911
0.008070
0.008593
0.018273
0.009275
0.010894
0.003759
0.004197
0.006376
0.010813
0.007077
0.004276
0.004904
0.003829
0.008852
0.004355
0.005432
0.006211
0.004097
0.005196
0.005655
0.005297
0.006163
0.005882
0.006618
