0.074105
0.090782
0.085858
0.080964
0.089879
0.086718
0.088017
0.082349
0.079875
0.077108
0.095689
0.080830
0.081311
0.085744
0.100000
0.092318
0.095018
0.086785
0.085473
0.091299
0.088779
0.079453
0.085449
0.091273
0.093830
0.091699
0.091303
0.066930
0.054495
0.075515
0.092569
0.097396
0.095268
0.085496
0.076307
0.060682
0.058364
0.075776
0.085762
0.087767
0.098789
0.086591
0.065493
0.077935
0.093470
0.089647
0.078807
0.073267
0.059206
0.055074
0.062203
0.075764
0.076192
0.088446
0.064059
0.068412
0.057587
0.041885
0.037881
0.047277
0.062186
0.039386
0.027518
0.021755
