0.053820
0.049703
0.047670
0.023928
0.047668
0.021567
0.021815
0.021660
0.026280
0.022157
0.007748
0.023240
0.021469
0.021352
0.009002
0.010782
0.008910
0.016104
0.016846
0.008550
0.011766
0.010016
0.011499
0.008434
0.013797
0.007601
0.010254
0.012640
0.011460
0.010780
0.009828
0.008503
0.008623
0.010416
0.010157
0.008141
0.008419
0.009655
0.009255
0.007665
0.009335
0.010412
0.011023
0.010614
0.010629
0.008860
0.007938
0.009429
0.008448
0.008964
0.006904
0.010297
0.008066
0.011199
0.006842
0.010603
0.009591
0.005305
0.008048
0.009157
0.009473
0.007500
0.007347
0.005768
