0.059611
0.074745
0.072316
0.070835
0.076245
0.071588
0.071116
0.069198
0.070273
0.071003
0.073204
0.072036
0.069968
0.071731
0.086500
0.082777
0.081229
0.075847
0.073205
0.071774
0.070468
0.057510
0.070723
0.072646
0.083271
0.081238
0.078924
0.074663
0.064849
0.077793
0.080018
0.086084
0.079918
0.072052
0.060787
0.038794
0.044906
0.060432
0.079084
0.073088
0.084085
0.081414
0.072670
0.090169
0.088918
0.058742
0.072959
0.069094
0.050135
0.060781
0.059547
0.067805
0.038211
0.100000
0.023642
0.064005
0.054164
0.038704
0.044963
0.044914
0.067496
0.040459
0.031728
0.020574
