0.065666
0.062896
0.059062
0.032136
0.060026
0.032661
0.030775
0.031244
0.035478
0.029240
0.007775
0.030376
0.030911
0.029339
0.012045
0.014857
0.010710
0.022190
0.022520
0.008728
0.015053
0.010426
0.013937
0.007593
0.017072
0.007940
0.012251
0.016000
0.013152
0.012205
0.010440
0.007551
0.007596
0.011575
0.010025
0.008394
0.008160
0.009579
0.008620
0.006425
0.007709
0.010252
0.011848
0.009844
0.008803
0.007292
0.006276
0.008094
0.007916
0.007103
0.005710
0.008328
0.007382
0.008638
0.007003
0.008085
0.007904
0.004643
0.006469
0.007006
0.006630
0.005455
0.006036
0.004645
