0.078071
0.091743
0.091775
0.097414
0.097711
0.098981
0.097602
0.098718
0.100000
0.098116
0.090555
0.097251
0.098518
0.093968
0.093839
0.087927
0.093990
0.094086
0.093779
0.091012
0.088361
0.075956
0.086833
0.090369
0.093205
0.093866
0.089353
0.073025
0.057679
0.078714
0.092512
0.097108
0.090936
0.087100
0.076021
0.054635
0.062026
0.079457
0.088560
0.088440
0.094345
0.086990
0.070955
0.081865
0.088735
0.087021
0.091390
0.084243
0.072572
0.080648
0.088149
0.091283
0.080075
0.087523
0.072223
0.086978
0.088994
0.088729
0.086998
0.083773
0.079300
0.069802
0.079090
0.054838
