0.083976
0.060722
0.067248
0.063330
0.059966
0.052561
0.047040
0.054149
0.057302
0.059697
0.055264
0.067778
0.054533
0.053131
0.019055
0.031883
0.018112
0.053622
0.066687
0.067506
0.056021
0.052051
0.059689
0.066171
0.087325
0.019009
0.035027
0.025087
0.027500
0.023594
0.036624
0.026309
0.088472
0.056699
0.057567
0.043598
0.035851
0.052533
0.068583
0.023677
0.058462
0.020653
0.021498
0.020484
0.025024
0.058098
0.021832
0.059429
0.029096
0.023696
0.019737
0.046140
0.024277
0.021807
0.018029
0.022810
0.039914
0.013873
0.018889
0.023208
0.018616
0.016938
0.017510
0.014236
