0.074265
0.053303
0.057210
0.053762
0.050219
0.046374
0.042493
0.047382
0.050046
0.051494
0.045296
0.057446
0.047777
0.046876
0.017836
0.030467
0.015599
0.048344
0.056184
0.055814
0.046612
0.042039
0.051167
0.053748
0.075496
0.016703
0.034144
0.024469
0.027040
0.024354
0.035609
0.020161
0.075760
0.048349
0.046792
0.036809
0.030159
0.043837
0.060459
0.019417
0.057628
0.022541
0.022478
0.023421
0.027014
0.057993
0.021058
0.051583
0.026682
0.023770
0.020596
0.046526
0.027083
0.025615
0.023796
0.027592
0.042567
0.020905
0.025375
0.028903
0.025258
0.023906
0.025045
0.019829
