0.102083
0.071315
0.070367
0.054201
0.056019
0.052008
0.037295
0.047527
0.048577
0.036420
0.024500
0.034964
0.043429
0.034872
0.023208
0.017258
0.021289
0.032361
0.032646
0.021955
0.017261
0.014608
0.016256
0.020676
0.024474
0.019398
0.016622
0.015321
0.012508
0.014841
0.017067
0.017199
0.017559
0.016648
0.014980
0.012860
0.012917
0.015298
0.015822
0.016713
0.016086
0.015450
0.011933
0.012939
0.014694
0.015862
0.015816
0.015260
0.013350
0.013439
0.013503
0.014393
0.013770
0.012138
0.009354
0.011577
0.012024
0.010513
0.008694
0.009106
0.008122
0.005371
0.005637
0.003414
