0.082412
0.091732
0.089380
0.088760
0.089536
0.089359
0.092600
0.093519
0.093211
0.092713
0.096314
0.097002
0.099089
0.097039
0.093705
0.090226
0.095706
0.097590
0.100000
0.097617
0.089954
0.073756
0.090323
0.095961
0.098963
0.093545
0.090001
0.076876
0.041425
0.078706
0.090664
0.092624
0.093761
0.094268
0.079709
0.044487
0.057316
0.079141
0.090410
0.091544
0.088486
0.079447
0.050410
0.059405
0.078041
0.085307
0.085738
0.081966
0.061001
0.065597
0.070455
0.075736
0.070017
0.058696
0.045886
0.058731
0.060874
0.051828
0.041419
0.043944
0.039191
0.024512
0.025250
0.013232
