0.092903
0.064761
0.063186
0.051956
0.052327
0.051256
0.037343
0.048582
0.049108
0.038122
0.030994
0.038681
0.046251
0.037843
0.031714
0.026950
0.030336
0.037683
0.038202
0.030381
0.025091
0.022469
0.025808
0.029290
0.031681
0.027333
0.027398
0.026287
0.018486
0.026785
0.028512
0.027047
0.028357
0.028270
0.024947
0.018711
0.022574
0.026601
0.029140
0.029293
0.028895
0.028177
0.020939
0.024270
0.028609
0.030910
0.030806
0.029133
0.023784
0.026159
0.026959
0.030090
0.027702
0.024213
0.019383
0.024901
0.025331
0.021489
0.017998
0.019427
0.017472
0.011287
0.011475
0.006538
