0.103911
0.059822
0.057936
0.048409
0.052177
0.048979
0.048497
0.041436
0.041948
0.049052
0.035701
0.043413
0.034287
0.041285
0.035093
0.027429
0.029297
0.035531
0.034924
0.032486
0.027597
0.025300
0.025889
0.030665
0.037404
0.030289
0.025195
0.026669
0.029399
0.022820
0.023044
0.033270
0.033057
0.023026
0.023883
0.034037
0.022770
0.021789
0.026294
0.041660
0.025649
0.022495
0.022743
0.021156
0.022491
0.029825
0.025817
0.022739
0.021972
0.021450
0.018647
0.020860
0.018670
0.021862
0.017760
0.017328
0.017554
0.015547
0.014337
0.014202
0.014877
0.011799
0.011361
0.012703
