0.056310
0.054929
0.058175
0.069997
0.059368
0.069605
0.080877
0.072128
0.071531
0.080168
0.087328
0.082155
0.076428
0.082345
0.088426
0.091991
0.090159
0.084611
0.084296
0.089142
0.092051
0.099030
0.091158
0.085991
0.094112
0.086019
0.091388
0.100000
0.061106
0.098590
0.082724
0.092666
0.092340
0.082718
0.097336
0.061426
0.082257
0.082114
0.087765
0.086436
0.088163
0.082718
0.081410
0.070577
0.085980
0.077166
0.076769
0.085957
0.070672
0.076821
0.068687
0.066781
0.069365
0.076655
0.058717
0.056836
0.056506
0.057977
0.046488
0.046981
0.047494
0.036791
0.036294
0.036954
