0.088639
0.048745
0.049198
0.041008
0.043337
0.040389
0.040547
0.035439
0.037209
0.043550
0.029464
0.039852
0.031689
0.036462
0.027306
0.025358
0.028394
0.035943
0.035003
0.031822
0.032270
0.034138
0.031126
0.038497
0.039912
0.038381
0.026241
0.028057
0.028274
0.025661
0.029473
0.044081
0.040145
0.030433
0.032741
0.042141
0.030606
0.032259
0.035379
0.052591
0.034225
0.028625
0.026634
0.027249
0.030691
0.041650
0.038714
0.033122
0.032164
0.031671
0.029226
0.030837
0.027185
0.030275
0.027100
0.026429
0.027697
0.022599
0.023639
0.023682
0.023904
0.020206
0.019594
0.018421
