0.085146
0.097729
0.093307
0.093570
0.097151
0.095964
0.097149
0.098074
0.097627
0.095993
0.094200
0.098416
0.099680
0.097737
0.093941
0.085675
0.093948
0.097450
0.100000
0.093255
0.088208
0.068549
0.086626
0.095788
0.092483
0.092991
0.084664
0.068239
0.039449
0.067475
0.083032
0.085823
0.085881
0.089402
0.067605
0.038025
0.040593
0.071697
0.075664
0.077594
0.075210
0.066540
0.042235
0.042666
0.058109
0.061147
0.062470
0.057860
0.046849
0.034875
0.045400
0.046465
0.043421
0.036385
0.023782
0.030638
0.030310
0.026072
0.015212
0.017907
0.016154
0.008782
0.008342
0.004660
