0.084278
0.073479
0.069821
0.048266
0.054619
0.052714
0.032992
0.042794
0.039983
0.031771
0.022701
0.028222
0.031111
0.028533
0.025005
0.019177
0.022018
0.023018
0.023791
0.018364
0.018872
0.016840
0.016832
0.016615
0.018158
0.018560
0.017429
0.017481
0.015616
0.014959
0.015839
0.016072
0.015227
0.016213
0.014294
0.016009
0.012897
0.013999
0.014069
0.014369
0.014662
0.013322
0.012159
0.009608
0.011663
0.012157
0.012210
0.011336
0.011215
0.007905
0.009154
0.009392
0.008688
0.007804
0.005166
0.006303
0.006206
0.005950
0.003575
0.003857
0.003709
0.002470
0.002599
0.002595
