0.076060
0.068520
0.062408
0.044321
0.049871
0.052167
0.033738
0.041724
0.038050
0.032112
0.026989
0.029656
0.033276
0.030225
0.027207
0.025818
0.026338
0.027371
0.028190
0.025272
0.026290
0.024066
0.025633
0.025559
0.025283
0.025668
0.025731
0.025093
0.019930
0.024277
0.026315
0.025619
0.025370
0.027418
0.023188
0.019697
0.017908
0.025009
0.025675
0.025758
0.025544
0.024219
0.018502
0.017818
0.022154
0.022748
0.023130
0.021538
0.019070
0.014303
0.018131
0.018593
0.017457
0.015146
0.010218
0.012757
0.012642
0.010985
0.006722
0.007726
0.007070
0.004181
0.004082
0.003122
