0.072844
0.088301
0.086776
0.098233
0.091344
0.096492
0.098117
0.097848
0.099094
0.100000
0.096697
0.099247
0.097984
0.098248
0.099161
0.089039
0.096595
0.095769
0.096853
0.093104
0.085444
0.078785
0.081382
0.088279
0.090843
0.089327
0.084779
0.083614
0.077661
0.076938
0.079884
0.081229
0.080272
0.077918
0.072769
0.071690
0.066415
0.066871
0.070987
0.072148
0.072518
0.070522
0.071236
0.065148
0.064031
0.064040
0.062434
0.060890
0.060249
0.052855
0.053944
0.053298
0.056856
0.058235
0.050635
0.045046
0.043689
0.046090
0.035429
0.035024
0.037870
0.028107
0.027242
0.020450
