0.084488
0.073640
0.074731
0.050289
0.059648
0.047483
0.041212
0.041764
0.043488
0.042673
0.030011
0.036211
0.038067
0.035499
0.028094
0.028610
0.025217
0.029531
0.029710
0.026598
0.028765
0.022573
0.025380
0.022728
0.024716
0.022041
0.024883
0.022862
0.016860
0.020205
0.021128
0.019341
0.019564
0.021147
0.019881
0.015803
0.014378
0.017130
0.017310
0.017384
0.017426
0.017564
0.015391
0.014092
0.014689
0.014081
0.013892
0.014177
0.013069
0.011863
0.011693
0.010832
0.012251
0.012874
0.011338
0.009449
0.009129
0.010293
0.008596
0.007745
0.009262
0.007303
0.006938
0.005683
