0.074603
0.064398
0.065898
0.047792
0.054342
0.045581
0.044239
0.043939
0.044060
0.044138
0.034252
0.040583
0.042340
0.040860
0.034020
0.037980
0.032309
0.036212
0.035919
0.032040
0.034762
0.029813
0.032124
0.029560
0.032016
0.029741
0.034309
0.033058
0.027651
0.029921
0.030344
0.027416
0.027308
0.028780
0.027430
0.024351
0.022900
0.024785
0.025629
0.025541
0.026725
0.027035
0.025773
0.023983
0.024033
0.023128
0.022386
0.022439
0.021319
0.019946
0.019941
0.019397
0.021317
0.022046
0.019967
0.017365
0.016765
0.017928
0.014945
0.014197
0.016057
0.012498
0.011975
0.009262
