0.124114
0.106237
0.121563
0.082972
0.098419
0.059981
0.030827
0.052820
0.080104
0.045461
0.030873
0.041642
0.032661
0.027914
0.033238
0.027452
0.025070
0.025169
0.025671
0.025273
0.024211
0.024713
0.021218
0.025231
0.026914
0.024985
0.020029
0.029849
0.023118
0.010077
0.014568
0.015704
0.015888
0.014253
0.013130
0.024650
0.007503
0.008043
0.009882
0.012635
0.009828
0.007163
0.007116
0.005289
0.006616
0.007320
0.007486
0.006877
0.005040
0.005041
0.005145
0.005327
0.005135
0.004503
0.004559
0.004171
0.004326
0.004209
0.004456
0.004493
0.004058
0.004517
0.004153
0.004190
