0.074253
0.093376
0.092979
0.100000
0.086534
0.096514
0.096781
0.079577
0.083740
0.098159
0.092425
0.088333
0.082505
0.085806
0.097051
0.078322
0.074835
0.081392
0.082414
0.075476
0.071138
0.072402
0.061981
0.075844
0.081783
0.072815
0.058559
0.075082
0.049828
0.024754
0.038534
0.042471
0.043946
0.039433
0.035121
0.058684
0.016521
0.019277
0.025392
0.033768
0.024565
0.016823
0.014874
0.008987
0.014623
0.016496
0.017592
0.014754
0.009358
0.008288
0.008863
0.009489
0.008982
0.007990
0.006521
0.006487
0.005715
0.006728
0.006125
0.006379
0.005468
0.005904
0.005251
0.004940
