0.130597
0.115736
0.128812
0.077957
0.104535
0.060608
0.021566
0.050185
0.072260
0.039345
0.020127
0.034340
0.022423
0.016653
0.021102
0.018147
0.012766
0.011229
0.012066
0.013999
0.016105
0.013940
0.011318
0.011226
0.011383
0.011297
0.010365
0.015918
0.011233
0.006131
0.006926
0.007581
0.007597
0.006839
0.007264
0.009436
0.004790
0.004831
0.005267
0.006166
0.005182
0.004537
0.004367
0.003603
0.003954
0.004550
0.004737
0.004459
0.004093
0.003852
0.003760
0.003711
0.003735
0.003694
0.003477
0.003494
0.003530
0.003533
0.003650
0.003407
0.003503
0.003068
0.003323
0.003325
