3.34405102641019186163e-05
4.40189759712581943222e-05
4.19223521536107656760e-05
4.58494521778927524081e-05
4.36223060222026517334e-05
4.72621885353439826383e-05
4.90426840156766216390e-05
4.35243743043295342886e-05
4.26267933866591672027e-05
4.51274764136126244280e-05
4.66087451067754922926e-05
4.77704169143491116228e-05
4.80525386466462481046e-05
4.83376280830303362923e-05
4.81906762833376304286e-05
5.61864697933496152300e-05
4.49552548045155936775e-05
5.06947533838793696487e-05
4.74255872712105034424e-05
3.87173320173686921243e-05
5.09844604591806705926e-05
4.75422063684524914395e-05
3.81644488633221714690e-05
4.84621753693021398894e-05
5.14854380682305476369e-05
4.99876909495405782067e-05
3.73378602851450131297e-05
4.36936598988503022752e-05
2.76137254517840243786e-05
2.96786230228705607561e-05
3.77142405838353295317e-05
3.47628810260344794014e-05
3.75004667512887659400e-05
3.44270656762865671875e-05
3.53722174306644150058e-05
2.97781675856040295956e-05
1.87102581645496088671e-05
2.75279461307660715784e-05
2.97336435078788684401e-05
2.24849293044603294408e-05
2.25897476387708695598e-05
2.30578849137950045163e-05
1.58433211114423922058e-05
1.47216628293739055009e-05
1.69917019201998714662e-05
1.59842406906524349647e-05
1.90854198291787638506e-05
2.58668376099874657036e-05
1.33062696542880219187e-05
1.08876820771161358996e-05
1.48729793300595565070e-05
1.30095734432409074351e-05
1.29805063855346169532e-05
9.72468674396228206975e-06
7.22400233054994839969e-06
1.07915963347424089013e-05
1.08991749984131758094e-05
7.34106723960870515336e-06
5.59656210969214323425e-06
7.56538882240298092579e-06
5.92996393517685213114e-06
4.56216913928139375693e-06
4.24494997192780422045e-06
3.23530439106272163768e-06
