6.32053691126775317628e-05
6.39563721827690829028e-05
5.89472488449519380570e-05
3.89782337954718994936e-05
4.02475579335648367581e-05
3.39455028759944412754e-05
2.21388036781451896101e-05
2.58837453917407074946e-05
2.89238084563314221012e-05
1.94751808823400975003e-05
1.35509584133511783372e-05
1.56543670368002985993e-05
2.15096346354743403820e-05
1.47678957735702737279e-05
1.35192975604269689089e-05
1.52618746661699823035e-05
1.04376549663039318761e-05
1.19264860465189242154e-05
1.11320444860733548621e-05
1.02504281270943486764e-05
1.51314503693895052955e-05
1.35967672963521809951e-05
9.73483320769020418750e-06
8.91583013239847211825e-06
9.22678573263069885346e-06
9.31812960614740810525e-06
9.14525881025403852755e-06
1.27315076478487408743e-05
9.94093958722241275393e-06
7.94132026741395223189e-06
8.31089569164754319469e-06
6.62612610991213306328e-06
7.15528778168243025998e-06
7.81314217263192287448e-06
9.36453263364837066804e-06
1.04617183065326035718e-05
5.97318985896580908958e-06
6.67855779992530452127e-06
6.26794801602093892894e-06
4.59975498232663279678e-06
5.01900591015495640068e-06
5.98691875739598491370e-06
5.30574557506945047717e-06
4.49022209587599555682e-06
4.26306408434686300642e-06
3.78724722355846980598e-06
4.22098437737841650620e-06
5.66068112551262338748e-06
4.34114002624226070267e-06
2.99900791020734318456e-06
3.48216443686747782659e-06
3.22087397730690914253e-06
3.07214869607833723200e-06
2.89911041421013086555e-06
2.20825105436482492803e-06
2.81406023586036666792e-06
2.80341428477932521994e-06
2.17897144069679679634e-06
1.93763802490122713135e-06
2.21321543464078394041e-06
1.98181952059304704753e-06
1.70087047513209355618e-06
1.69365154608018413410e-06
1.47913494745677033469e-06
