5.59082858494705051155e-05
5.44820200397578690166e-05
4.95884813596299107671e-05
3.77733075153395127612e-05
3.66899590811559857023e-05
3.50003025793665614078e-05
2.02804290124057419518e-05
2.63709532020569281110e-05
2.77560074552729270717e-05
2.18932962139896011009e-05
1.87033951364136337989e-05
1.87066422214184981435e-05
2.56080032859563656606e-05
1.76229466837478812948e-05
1.90812675613291063068e-05
2.34675541537205959385e-05
1.60280291572649573025e-05
1.70360370268176852479e-05
1.65540212690011115143e-05
1.45209867107137385888e-05
2.04392663773196215531e-05
2.06484465690030046404e-05
1.47839100041332157298e-05
1.68683533403593908650e-05
1.73863085831387501274e-05
1.72496043019587915542e-05
1.49820472078465286622e-05
1.97681548536609553947e-05
1.44204616287987439949e-05
1.29048835567581639001e-05
1.51161168549542515848e-05
1.29141942885780631263e-05
1.44777884136438499737e-05
1.40970648890108268798e-05
1.49046217123091555659e-05
1.47551336235335351228e-05
9.05247663846548642754e-06
1.19486869273421311742e-05
1.25264173080687347516e-05
9.25387214909645006611e-06
9.39433384048432828508e-06
1.01744908415706993276e-05
7.97546509024708238586e-06
7.16536761353517932040e-06
7.44113508037630538410e-06
7.03558401270274517373e-06
8.62608797759792584377e-06
1.11238748575959656899e-05
6.40727323605680494016e-06
5.04678596237780571797e-06
6.65366382268868583399e-06
6.01512717960651945828e-06
5.95868315692257865569e-06
4.67422844986841230948e-06
3.49177176277668519145e-06
5.21192516677360963544e-06
5.02783076620462321816e-06
3.65491585387264738790e-06
2.92789587578971075829e-06
3.84235116988027819391e-06
3.20151007964530527570e-06
2.54849043356946888738e-06
2.45646493654920173671e-06
2.00919564076186339229e-06
