3.73453362830411159622e-04
2.02234328255911956218e-04
2.02741423992716033979e-04
1.66881434676697403994e-04
1.59222543482426747655e-04
1.77009752828258173224e-04
1.11301918737291211168e-04
1.46493643915382313128e-04
1.41483479042143383067e-04
1.04984772725817899130e-04
7.40016953782870958063e-05
1.00716282865880149338e-04
1.27110360388517606685e-04
1.05576745954144937158e-04
7.10689068406646854825e-05
5.39874916767181620581e-05
6.53102718647474126019e-05
9.70566244514735354011e-05
9.45146555783406608874e-05
6.56779374130321417277e-05
4.98976930554873216762e-05
4.96033553243962143341e-05
4.93963219265141118843e-05
5.76400628995463811151e-05
7.42986665321776219286e-05
6.53604527637563481861e-05
5.04428831482369978640e-05
5.13029522168904927350e-05
4.09051501200969721737e-05
4.65356330998703402639e-05
4.73032723639000738606e-05
5.14047184831875072185e-05
5.10943475149881764803e-05
4.94031060512576747704e-05
4.64276998754737860306e-05
4.06319792037290039707e-05
3.98008145403441824899e-05
4.19918640648081324413e-05
4.49634613819687188390e-05
4.07356094395628365854e-05
4.28776976339628491117e-05
4.02036081675723541576e-05
3.97870089462681549887e-05
3.52883727809285945021e-05
3.70609352218444258959e-05
3.57647471273032398339e-05
3.75731984969764859863e-05
3.89775294662280795974e-05
3.49541735033117453662e-05
3.16256803945575722505e-05
3.43266032747702908500e-05
3.32228955402419807172e-05
3.24382635594570991949e-05
3.32680730470867651533e-05
2.88328453108146904042e-05
2.98603190199070103608e-05
3.19956534396957116822e-05
3.01185880595862475145e-05
2.88153399285440205168e-05
2.98305223876515386854e-05
2.75159807284459738928e-05
2.69134351437624581935e-05
2.54672095272808526444e-05
1.87773500894806663099e-05
