3.01957816069166611224e-04
3.50621278887507993073e-04
3.42064480956066744623e-04
3.36945470798775297602e-04
3.44515664476660913532e-04
3.36252457851261236238e-04
3.21399241279466015009e-04
3.29600102874447230608e-04
3.34029715092849094349e-04
3.26606342353827209298e-04
3.22173410915446885305e-04
3.32158918923947067345e-04
3.34861982750358946719e-04
3.24282621944890726493e-04
3.06181325575272458850e-04
2.80009517616543765570e-04
3.06344867600270224887e-04
3.31634396405897720513e-04
3.30792016586817097870e-04
3.26164469396777838284e-04
2.95922420664154013289e-04
2.54363969197063605546e-04
2.94370222673533761711e-04
3.13933769509360492689e-04
3.19184368728756429762e-04
3.01873489423591092815e-04
2.78738977403826656762e-04
2.49120722286718635115e-04
1.60349609882183471174e-04
2.49087217575467945955e-04
2.64270441724465425179e-04
2.86538602387712221589e-04
2.90222837204190549885e-04
2.78408139305662337241e-04
2.57917999982474298315e-04
1.59480371739213966841e-04
1.88155968824250523783e-04
2.31056927276297946819e-04
2.52703005273450522720e-04
2.43600358079726581149e-04
2.46539553427117168281e-04
2.17372625631190861169e-04
1.92338974495781690885e-04
1.78370350586980468566e-04
2.04800645032661199395e-04
2.06191842788445794075e-04
2.11058547971222594314e-04
2.11344943439912132067e-04
1.72111123139558085983e-04
1.62244525889890771212e-04
1.87377062577453735700e-04
1.78446788166497743826e-04
1.77725856305108469071e-04
1.75137582441892093645e-04
1.51516772920150927760e-04
1.54495637874931359464e-04
1.64807899681462572024e-04
1.57708540555288520817e-04
1.41443594927679190372e-04
1.45411267217007873775e-04
1.37353940244076713588e-04
1.26462015104997476528e-04
1.18030200474214004699e-04
8.03619914489555117873e-05
