3.25999959094778362419e-04
1.78182315671217229771e-04
1.76356036749053090695e-04
1.50884347957235508131e-04
1.44095459160762995104e-04
1.54391729383009589874e-04
1.10930567839824257550e-04
1.34973488431987601044e-04
1.33472140773417268129e-04
1.03906794249485724202e-04
8.90325384562233048368e-05
1.08783165819267569610e-04
1.25335859019448067923e-04
1.12436351473938921011e-04
8.82831469674273043406e-05
7.42460758976175706856e-05
8.88116232919934308655e-05
1.11586072839301469919e-04
1.06197574974146717488e-04
8.53290510664179492097e-05
7.12165820742776973368e-05
7.04476526959576095045e-05
7.34098104976137677199e-05
8.39682916774037396788e-05
9.50293790681843271928e-05
8.96378913747702829812e-05
7.60319353859514792532e-05
7.60062054921657541916e-05
6.10089733559494661703e-05
7.55066024054530811858e-05
7.58777649781564142613e-05
7.98011202038566243083e-05
7.66240409603723723712e-05
7.39555063914985909897e-05
7.06238493833668276936e-05
5.51116588363142345533e-05
6.20296936582447473426e-05
6.76678117432795423174e-05
7.21822004413989195496e-05
6.85119694370738517575e-05
7.19504069659535858442e-05
6.88967501889022222988e-05
6.77983489176752873555e-05
6.46635554014495363227e-05
6.70407056195393424858e-05
6.25289878570478531092e-05
6.53389015903186145314e-05
6.61489178137392391885e-05
5.86617466364871469140e-05
5.67604427586789958560e-05
6.46119695235115447688e-05
6.23751125191693951092e-05
6.16533034319398127055e-05
6.32715090889825020060e-05
5.70788580886644935026e-05
5.79201811308082022134e-05
6.25219498773310134506e-05
5.87497692017171962487e-05
5.71523603194831983387e-05
5.84773718347820361889e-05
5.47912955627891931285e-05
5.30570173270797026694e-05
4.92481303366974963146e-05
3.59731284096519599719e-05
