3.23581358264513546186e-05
2.41179546902173087505e-05
2.22722090475972423699e-05
1.32754527379934275221e-05
2.40637511983256029613e-05
1.31251861536854556818e-05
1.53570641729070587295e-05
1.22886528061221606613e-05
1.32770290085668669352e-05
1.38892757401754254258e-05
5.67531121995663799507e-06
1.36521696737185438940e-05
8.80932082183495904107e-06
1.42902339873308778940e-05
8.14639534564453362533e-06
6.86481377102937000752e-06
6.81721061956047260754e-06
8.32297127701779411901e-06
7.92954083749407925852e-06
5.17955302604157914693e-06
6.58575203879333062335e-06
4.31736092961832345391e-06
5.84620642101610667998e-06
3.43653037707648751812e-06
8.21021404183331374388e-06
4.73632256031204986748e-06
5.77374812524835627058e-06
4.88612255869542462658e-06
4.07600356984776240085e-06
4.44001983535690316241e-06
4.30867623732112206976e-06
4.66033965440698762044e-06
3.40736000305076485210e-06
4.35112446880283389058e-06
4.17890961541060998376e-06
3.52611042221032834875e-06
3.36337678065146437333e-06
3.57709713709669401211e-06
4.20898965440219730336e-06
2.70167244321332185222e-06
4.19594005217895683359e-06
3.29941539297034448067e-06
3.51027673334574261450e-06
2.74371459865836472188e-06
3.15805391403693465590e-06
1.98000660518655119760e-06
3.10237013518042555445e-06
3.27682490068014609227e-06
2.69543224455383093448e-06
2.74410442474975340576e-06
2.43599716554203188257e-06
3.09540391820955517236e-06
1.65134837332101045329e-06
2.75858561980247284399e-06
1.28281937328127899244e-06
2.47756201463228072529e-06
2.44639182883739497438e-06
2.00398267422898544515e-06
2.11572127503976281179e-06
1.99665858955702697498e-06
2.30208208774261568013e-06
1.72278425398225561082e-06
1.80506227073818542231e-06
1.84269587392558436191e-06
