3.03539464017491092710e-05
2.24983039365883339474e-05
2.08550397662570015009e-05
1.29419094904688175270e-05
2.25358485467006241501e-05
1.30807468618717083085e-05
1.50182203004925149300e-05
1.23157350174548964599e-05
1.28803139210340635836e-05
1.37084193423943946101e-05
8.33981349958522281138e-06
1.34909392681941513994e-05
9.89977429847444624156e-06
1.39255785103869978087e-05
8.78835484990253690957e-06
8.44846585927456362596e-06
7.64374686365765801345e-06
9.51318778723101520054e-06
9.51184285386614248562e-06
7.89767145918429712761e-06
7.90982597781073986905e-06
5.92952470402032495657e-06
7.21439432116123775861e-06
7.16959301669414096711e-06
9.58196796959340086589e-06
6.48733113737092536113e-06
7.39697515601573676419e-06
6.89016725962064521978e-06
5.92070397674255899162e-06
6.39678356369554542988e-06
6.28325393307917144637e-06
6.49253476631081810557e-06
7.14716000790258838442e-06
6.24552436051260657598e-06
5.82973516392490580056e-06
5.12454608090799316078e-06
4.99945190551623828404e-06
5.23617592469081917159e-06
6.10297636851807720666e-06
6.36597083799929357753e-06
6.11782685377498517456e-06
5.49766008803658669918e-06
5.41796404726204083250e-06
4.77363348815112322854e-06
5.19931490585274924828e-06
5.12118255254433768546e-06
4.82354191018732837617e-06
5.05922969120224776194e-06
4.56878673488099022206e-06
4.49032143747333531365e-06
3.46518976897475749593e-06
4.37214212536295304136e-06
3.71189342176131082662e-06
4.40722803560695000570e-06
2.20206440572955625796e-06
3.43724376173892075628e-06
3.49952133739968426675e-06
2.22544081544550909475e-06
3.04486180307188757202e-06
2.70620623238701208085e-06
2.84939537368971715299e-06
2.06570773136682007276e-06
2.14844941156543878171e-06
1.57966193489531411575e-06
