3.24371024763565304937e-05
3.98495321620694675020e-05
4.02628184703139862383e-05
3.88320849406935950706e-05
4.10533238363315990983e-05
3.62658599177401701078e-05
3.59454949901112321862e-05
3.70794648203741144740e-05
3.81589464260847967964e-05
3.91236499426915560352e-05
4.07487837528756928962e-05
3.75579859862993948065e-05
3.60265194598294639060e-05
3.45245086304852064453e-05
3.94713866025244911441e-05
3.35444519571374214894e-05
3.40886791051938893918e-05
3.47242493869149020276e-05
3.75753423150848933632e-05
3.78269677441213429637e-05
3.77540097584336221612e-05
3.15619074738543670339e-05
3.46168552849855030561e-05
3.65676144072735566978e-05
3.55984691458680350875e-05
3.11207861197303130665e-05
3.06944068595552775201e-05
3.01266104216722334092e-05
2.55558742478970255148e-05
2.78245681830080178552e-05
2.88771884144309567608e-05
2.85185677267801046693e-05
3.38099594859930590533e-05
3.24932803924286853410e-05
3.05456348054500135452e-05
2.57792533445868777696e-05
2.51259884393003533973e-05
2.94259285648026759955e-05
3.00765955541901664361e-05
2.40854348367187502146e-05
2.78548644232338405108e-05
2.56510957736361892411e-05
2.45932975822990021952e-05
2.36525211180562487776e-05
2.41208687833657569807e-05
2.28519340509613207374e-05
2.04774675345298972436e-05
2.77880714473553348137e-05
2.49928467564193630582e-05
2.37212606607027445024e-05
1.45924245154747970414e-05
2.14818678462738649529e-05
1.59243359678844894538e-05
2.12449627455993356835e-05
8.75371959971041858841e-06
1.67966484114627669219e-05
1.81473829443094626982e-05
8.13751951491307681666e-06
1.51631468612422262037e-05
1.34669904641334662514e-05
1.37068047283244000614e-05
9.69944332802617531671e-06
9.93641752318897346851e-06
6.44408137608318969824e-06
