7.84342806472409354284e-05
8.64596396197243795842e-05
8.38967705872297657508e-05
8.26363112370211134019e-05
8.76588012712677946362e-05
8.57231830926075821916e-05
8.66028346312180426344e-05
8.96490728798611307901e-05
8.78996755726451414054e-05
8.26643980916328801473e-05
7.64498909530121313963e-05
8.44715888692592611550e-05
8.93025223388868176532e-05
8.58305810186392437698e-05
8.03576620908661581888e-05
7.17032207900602131271e-05
7.96980633343986064401e-05
8.63203089201439551685e-05
8.80413034221701131139e-05
7.77199747628842796659e-05
6.60115104027288320757e-05
4.69618621891231018866e-05
6.59110677200754372599e-05
8.12668098419722274720e-05
7.99619227730543951846e-05
7.94393669316438382193e-05
6.97448421949514751374e-05
5.11215693414992055472e-05
3.57582563068290512978e-05
5.35862349393314017819e-05
6.98707869936264155692e-05
7.23449022564834175056e-05
7.29616863953116230514e-05
6.97558581742458707828e-05
4.92612213862466031709e-05
3.37447681597424805461e-05
3.86630247862821091291e-05
5.40877144441178519304e-05
5.91101383645488171348e-05
6.32336596850493397413e-05
6.04033298073792192695e-05
5.64795361846979451954e-05
4.08133499742299927539e-05
4.87379678229807653369e-05
4.87857670606044207433e-05
5.29371154260830777561e-05
5.23411305907210499090e-05
4.64739310750243852588e-05
4.51899832743287091920e-05
3.74231909111783292432e-05
4.16309803877896067881e-05
4.32821539964320511494e-05
4.25117797696085431003e-05
3.94149639921760204498e-05
3.39605245556413620940e-05
3.59225485127206693617e-05
3.50768396964906041882e-05
3.29173624957716098871e-05
3.12329248183257362917e-05
2.86932857000834958547e-05
2.89407842186610966047e-05
2.35547369659076907995e-05
2.38453170853325962023e-05
1.54559701868387243699e-05
