6.53001171867458366470e-05
6.50550487471864154719e-05
6.19806604903502377651e-05
5.63353177730122311453e-05
5.96320257359681264644e-05
5.82072817668709507856e-05
4.65892972396441298996e-05
5.42770558213100399927e-05
5.38226419211904928697e-05
4.10500927173225026601e-05
2.99192982315824071817e-05
3.88714068525003805668e-05
4.66315238614671868380e-05
4.14198902105826624251e-05
3.20286951937768659023e-05
2.09871046894838893314e-05
2.82247001880538547693e-05
3.55572679901252949983e-05
3.54885041776112640554e-05
2.67922483470738121889e-05
1.74834693791719794219e-05
1.31938304007870316198e-05
1.67707049871709056141e-05
2.51882167696759431312e-05
2.63911196104759141704e-05
2.48416742337777174030e-05
1.89262083753723647306e-05
1.36238470935458732961e-05
1.16231995212490812712e-05
1.32287493431885258435e-05
1.75720573053819029011e-05
1.93032136830342132289e-05
1.98870935414930137325e-05
1.70601486812688137647e-05
1.23362628386410752243e-05
1.05749138581798821047e-05
1.02772662238486201035e-05
1.26200769363234258395e-05
1.42446840973443557179e-05
1.60116271885387613278e-05
1.46078724338100732894e-05
1.32575841436824490413e-05
1.12204257814267508651e-05
1.19080933719613893352e-05
1.15698290758946957817e-05
1.22991528423688868199e-05
1.24015991808844692351e-05
1.09890288353056160943e-05
1.11325395167161463630e-05
9.08642776840740747524e-06
9.80914517995521632703e-06
1.00051001911530695356e-05
1.00099083694145640213e-05
9.76929455657984905791e-06
8.20655286424223662798e-06
8.30973560880611514571e-06
8.20167973383238841885e-06
8.10223691544150013012e-06
7.42785903898243828395e-06
6.79021975996000682393e-06
6.89610929194040632299e-06
5.84537944384980702657e-06
5.83203517218846517436e-06
4.16704926044256671806e-06
