6.93699673128926066167e-05
6.80834712136649218084e-05
6.38680139596756928175e-05
5.92848371467421966872e-05
6.21284840759582583343e-05
5.98253737760798476797e-05
4.71955252866413372376e-05
5.66263196998633398533e-05
5.64451798014187412127e-05
4.28645544825863121898e-05
3.07751067126542322740e-05
4.00539473649751413733e-05
4.81938805227736762667e-05
4.26778597203804690996e-05
3.34409053436729260451e-05
2.31528875633862628596e-05
3.00463810283483315113e-05
3.67681315380511262894e-05
3.57439262412621828417e-05
2.87961542742906623617e-05
2.07842114626961520902e-05
1.71785191974941514083e-05
2.01147748471896837272e-05
2.59965238693054418991e-05
2.74750174082258181280e-05
2.61467300197957091515e-05
2.15072077650835350197e-05
1.75595020303997336191e-05
1.51813774137792747011e-05
1.80358506289259726339e-05
2.08071102302470891071e-05
2.26621865552023410136e-05
2.29947692448402341058e-05
2.07600464679674517800e-05
1.70784770044768940099e-05
1.45248037662028514128e-05
1.53406597934994196064e-05
1.80834683287213570226e-05
1.87498292250308642515e-05
1.99134890788491907508e-05
1.92076480909648097852e-05
1.87531902351966866832e-05
1.59811039057174939263e-05
1.83086475387481924574e-05
1.72684072871945486281e-05
1.83010138375627211455e-05
1.78728936260370271710e-05
1.64572879566138167203e-05
1.71258684410943831699e-05
1.48527889455985646612e-05
1.55983096651117719537e-05
1.62457418089413316298e-05
1.58890389375995332456e-05
1.54551535390206904526e-05
1.34355014286057963108e-05
1.43298367877481877368e-05
1.40012732243390126101e-05
1.35878680223880785223e-05
1.30149129305066101948e-05
1.18946409406181606973e-05
1.24046785704929697690e-05
1.03510241838647560860e-05
1.02184906746274374589e-05
6.91545934579659331900e-06
