5.58886946634398935636e-05
5.01376152909128628777e-05
4.79002593745845803037e-05
2.38471607752894343814e-05
5.55106166497027246013e-05
2.91899982121987832979e-05
2.11967987885474783843e-05
3.44228968787936210174e-05
2.33935164605083499275e-05
1.75673756544803410802e-05
7.67209998459046384732e-06
2.03410615934541535109e-05
1.02139893890944614355e-05
2.21666853168008641246e-05
1.04398283782483574766e-05
1.00376704912494768763e-05
9.15205354817576575293e-06
1.02286110746481080365e-05
1.40852541991706526139e-05
7.44296764695197216380e-06
7.60064577318998402597e-06
8.65321820231393091767e-06
8.77210190882686846093e-06
6.52082797828111324447e-06
9.65508772844666721255e-06
5.99425698858646335365e-06
1.14310308508087133956e-05
9.24692388358682427715e-06
1.12196513126566452571e-05
8.13678358652132689330e-06
7.16022707164138956341e-06
6.39636945416843485024e-06
6.06233540038105137373e-06
7.87145331273274192737e-06
9.83564146630854421586e-06
1.07678913765406322403e-05
1.05315195085950015995e-05
9.71942641725307318839e-06
6.69342150877742783827e-06
5.98550253155480540103e-06
7.71695747248442563161e-06
6.41019462850968221878e-06
1.10277385707773986216e-05
7.23039833647537114075e-06
6.48749118259195545937e-06
6.58633811581906077526e-06
5.77412809715012481258e-06
6.63312291891003312473e-06
8.05976610897882088174e-06
6.08726237553915482212e-06
5.24662706023481213778e-06
6.25066229753089913840e-06
6.61222280618764566369e-06
7.41435412831454499123e-06
6.67358655169687006031e-06
6.66164056007527883592e-06
5.68871980236745548962e-06
4.38711962336093050764e-06
4.55556788724832224726e-06
5.38368819535510868232e-06
6.17949553870097269628e-06
5.21951856099034515078e-06
4.89977396580026950616e-06
4.74130415277261650208e-06
