5.62327193512253013579e-05
6.88871463474018683529e-05
6.51511672398023019941e-05
6.14375929117002612554e-05
6.82026062058996415585e-05
6.58038808261549002746e-05
6.67890891579004232579e-05
6.24885903364853182319e-05
6.06113423029747084908e-05
5.85113695282862757586e-05
7.26109663327274032323e-05
6.13353463260088541424e-05
6.17009379077731838492e-05
6.50641893770835262178e-05
7.58822982841849931826e-05
7.00526777590586736000e-05
7.21017719124172928088e-05
6.58540961085113369473e-05
6.48591651055832412419e-05
6.92796907190080027677e-05
6.73672299491543974826e-05
6.02906573454647432865e-05
6.48406234444401526583e-05
6.92596875050288408046e-05
7.12006979108758018349e-05
6.95829922418348241703e-05
6.92828422311750661503e-05
5.07883148932257886209e-05
4.13518552362870402518e-05
5.73028668683669731537e-05
7.02438625894269137555e-05
7.39065093545542418745e-05
7.22911909222201073174e-05
6.48759926940754242525e-05
5.79037131106589539439e-05
4.60471513460062448469e-05
4.42878101472307726498e-05
5.75006307929432444346e-05
6.50780656315495548841e-05
6.65994588475881299418e-05
7.49632051062112242639e-05
6.57074098484706722346e-05
4.96973827050386617998e-05
5.91387099899561992345e-05
7.09270258122645508563e-05
6.80261336966482777150e-05
5.98007017591108537644e-05
5.55965863781847380049e-05
4.49269443339513237495e-05
4.17914905264622023231e-05
4.72007867139314220110e-05
5.74917637794016857505e-05
5.78166182930209181993e-05
6.71149857245535578273e-05
4.86095374564873502782e-05
5.19122557256818551331e-05
4.36979759358576525614e-05
3.17830296514506847601e-05
2.87447854711169896230e-05
3.58751463464345482133e-05
4.71880150497495964076e-05
2.98870154876943419804e-05
2.08810052588009821724e-05
1.65079783463930006022e-05
