6.79187197391492298963e-05
6.36851939384645555995e-05
5.97412501913011713840e-05
2.73559577262605190364e-05
7.51575155042645862927e-05
3.65907121535524921824e-05
2.32771414088960547101e-05
5.83684290353475126708e-05
3.43532322812522037487e-05
2.19209920370800942415e-05
7.28815934091262320469e-06
3.02763302359470842784e-05
3.33619598531534900247e-05
2.96894496156423855129e-05
8.15606099330197655646e-06
9.62205184287075766792e-06
7.47581103842830483480e-06
1.44467712489600519170e-05
2.61659585232944323207e-05
8.23287707446056997006e-06
7.34531193488602535628e-06
7.80478565094182233244e-06
8.13623441525590827350e-06
6.98537112151566669499e-06
1.30759835814599205568e-05
4.83580549347200726177e-06
1.15031983359876410848e-05
1.24278761193745108867e-05
1.39853674066636432164e-05
1.84396009763569877185e-05
5.97139791064317282013e-06
4.52629204993904320681e-06
4.38164176265502348045e-06
7.27029707385480569476e-06
8.53151660678998682960e-06
1.07717237399972664820e-05
1.05840629603800318319e-05
9.97596828454681017477e-06
4.79406051763158779270e-06
2.20884945632550265982e-06
6.12399697148237029713e-06
6.52038332914106513565e-06
1.38660143371046734866e-05
7.03781160489194087561e-06
8.26634372413072826514e-06
2.85223443685174453041e-06
3.18501786274233268203e-06
4.83793912103897263754e-06
8.20528813495265157323e-06
5.37050082032523406057e-06
3.24453272348363149473e-06
3.72153101471759056192e-06
2.90532721809371594014e-06
6.71747406562852798740e-06
3.30453636751805696992e-06
4.12188575737359254357e-06
4.71340508825826149102e-06
3.10907294149979984493e-06
3.94284429763923864988e-06
4.29113960814257680446e-06
4.01970393662359975031e-06
4.67684806498539548653e-06
4.46346180079597045734e-06
5.02204341090978376649e-06
