3.26132912972523862074e-05
8.39570499280333392333e-06
1.09141066663022396439e-05
1.06715945257705687100e-05
7.84360541471071835652e-06
6.69214471807292663580e-06
5.98242498006300239317e-06
8.32698207254109845177e-06
8.46964142478291647192e-06
8.90967439419193139773e-06
7.92393655472057505205e-06
7.10386575621721964152e-06
9.01085967393360408263e-06
7.64850237760147233642e-06
5.29444596966655803977e-06
4.39756173636726432365e-06
5.57010826836011538603e-06
8.19063323265789328294e-06
7.28717571615706011126e-06
6.83349218455698124042e-06
6.26869082697137757344e-06
4.65645810022974271575e-06
5.06225374640458987972e-06
6.97488244432888444048e-06
6.50453117502658693407e-06
5.76139709006264384976e-06
4.65070093366446272196e-06
3.16661602875090953752e-06
2.51665262576482751884e-06
2.94416366228068068919e-06
4.76970352459984154171e-06
4.66228370011488898572e-06
6.13151624743980728659e-06
4.89595290606128480241e-06
3.42712847255694589421e-06
4.60375747979986538086e-06
2.80319444860858966361e-06
3.22764197214649606422e-06
4.23968250442096806379e-06
4.65862469389319228455e-06
3.78719544501227205007e-06
2.78877495783271214694e-06
2.04061833106456095574e-06
1.99593890448833091749e-06
2.36012212134315480969e-06
3.38910603765068569611e-06
3.46782668428119999563e-06
2.71088420990171819578e-06
2.38836281267356829240e-06
1.94801784662869280536e-06
2.49857759844849837947e-06
2.52513211320669689265e-06
2.02408883176365828597e-06
1.94281952873026856618e-06
1.51081350937565316702e-06
1.95069073278931957760e-06
1.82502719916428371587e-06
1.96790381006836518339e-06
1.56409711028271999206e-06
1.79601757075706961531e-06
2.02576581511680025829e-06
2.13689069033218232108e-06
1.90639078084103117307e-06
2.54322004346973189063e-06
