3.90661068120571052268e-05
4.62830995634319793119e-05
4.61652543937703747825e-05
4.80316087523793781963e-05
4.72329738578380648340e-05
4.86279605293139582456e-05
5.09314185744431089688e-05
4.80634405694459871349e-05
4.58943624614095377085e-05
5.25889690524145302390e-05
5.50510751047872493404e-05
4.64486914363640559589e-05
4.78167093434483909216e-05
4.98633118132678397963e-05
5.40875477603309481921e-05
5.03093588918794674004e-05
4.99007205988674415573e-05
4.83080080066780628259e-05
4.84326225216177505550e-05
4.99242179098610049061e-05
5.52947287745148864917e-05
4.91872049762065286947e-05
4.56904854633074977016e-05
5.00005810837680399195e-05
4.38776694548290559315e-05
4.59827757442500607604e-05
4.43411561465266248236e-05
4.19446374826946331805e-05
2.51339937291550221223e-05
3.56514792221017677749e-05
3.95169459670874101973e-05
3.83489616763486949186e-05
4.42978285814891732490e-05
4.41882354187958918700e-05
4.10922986008247496286e-05
3.59828533719362485916e-05
2.96786115321973949102e-05
3.62695530332740094189e-05
3.71350628027607837772e-05
3.78146471911824688964e-05
3.26745427039538513156e-05
2.91603271770308006012e-05
1.95605905197394737221e-05
1.68205670829515654572e-05
2.43251093786771310258e-05
2.70827160634130550314e-05
3.09827160705459939485e-05
2.90576716986859570223e-05
2.28579507456878202828e-05
1.98105204485834489520e-05
2.32833058403218864192e-05
2.44273079160729983741e-05
1.82585494365623281741e-05
1.37321380327920868650e-05
9.65683023897187821079e-06
1.70527123085879937347e-05
1.87662760409205661184e-05
1.78825569343618274380e-05
1.13753768649162697397e-05
1.32172935123424069651e-05
9.69531606978191380121e-06
8.22120316190039357039e-06
8.62627043787360110304e-06
6.03024203956274753029e-06
