3.95892736703067429655e-05
1.15549469609546664745e-05
1.52665901147577040119e-05
1.40894139965579080938e-05
1.12004057864142812448e-05
8.71514684350871399838e-06
7.88741998414967721736e-06
1.04781578100942569353e-05
1.11099893187773635745e-05
1.34655140655507617469e-05
6.30014212068492136971e-06
1.05490614915598943904e-05
1.05629162587351589696e-05
9.17695312682868788771e-06
7.93871586357977155962e-06
6.23266579995382747563e-06
7.57437413034107033771e-06
8.98756728131456467741e-06
9.36965890694615365043e-06
5.44881126219932529275e-06
9.40117119812546654959e-06
7.58170909982123555351e-06
7.18405598185632812995e-06
5.50734436581969546769e-06
7.34920957562971349840e-06
7.37047725691391092905e-06
5.71211770080154574954e-06
4.84241547432380758627e-06
3.63050703985872753564e-06
4.00047639106281562287e-06
5.31543177283780581433e-06
5.49445003601010774417e-06
4.85820975944849702064e-06
6.25768900693484439023e-06
5.66970879135151308796e-06
5.81981656676734399584e-06
3.49671492340473007008e-06
5.04567813738373771516e-06
4.92723856707129206738e-06
4.31955051769021588761e-06
4.07406221243913006764e-06
3.50400286748583370059e-06
2.86153067694718902652e-06
2.57654525094227063308e-06
2.77181162220128329496e-06
3.06283331945616957379e-06
4.01301444309628428306e-06
4.00288549390892737351e-06
3.07876646665025128352e-06
2.55885441787223800284e-06
3.35643098854598465611e-06
2.70238923789867101926e-06
2.09865605917963480136e-06
2.52027395750427355664e-06
1.69755698021379563425e-06
2.09062707138832055046e-06
2.16897176484827932210e-06
2.31164829580034235975e-06
1.78337599042710247783e-06
1.80968938988801510891e-06
2.22506775352575706300e-06
2.04378226640569031004e-06
1.77283109929980269579e-06
2.42449520789083166011e-06
