2.11642712708954791340e-04
1.53037438862093711552e-04
1.69483071279721549205e-04
1.59610107918356676493e-04
1.51132090810567347363e-04
1.32468036108186054678e-04
1.18554579966566366327e-04
1.36469622690520956017e-04
1.44417516014988533968e-04
1.50452340983898535508e-04
1.39280747741385094044e-04
1.70820503748857969832e-04
1.37437125875466211074e-04
1.33904760244393003076e-04
4.80248216062997991928e-05
8.03550269811743330490e-05
4.56460895990027672436e-05
1.35141485502508095677e-04
1.68069310455437636361e-04
1.70134694054068186068e-04
1.41189239215205078167e-04
1.31182547348275731214e-04
1.50432114602420339547e-04
1.66769935726954188476e-04
2.20082145979583372608e-04
4.79082369012299996843e-05
8.82773801127333037232e-05
6.32250233151917151626e-05
6.93072747870239784171e-05
5.94637315764431927979e-05
9.23030513010698785547e-05
6.63069587961091289671e-05
2.22974911066796627288e-04
1.42897120576094475812e-04
1.45084467579321854756e-04
1.09878903314042727793e-04
9.03541054290741310314e-05
1.32396749580353039703e-04
1.72848771605651195006e-04
5.96718013316320161827e-05
1.47340367996739508068e-04
5.20509728369616275377e-05
5.41813953216479637226e-05
5.16242699323668901017e-05
6.30675497906786386481e-05
1.46422166578281985963e-04
5.50236915724837668336e-05
1.49776748710604430247e-04
7.33300297270348571451e-05
5.97208127126126999871e-05
4.97432213461903742274e-05
1.16286732796458215969e-04
6.11852642890243857534e-05
5.49601195353844278581e-05
4.54379037014476710250e-05
5.74874227345611017682e-05
1.00593047257301943962e-04
3.49634789206696664637e-05
4.76047255230998300778e-05
5.84893919965187903428e-05
4.69172912414529767180e-05
4.26876724479067920785e-05
4.41310479262594997801e-05
3.58777194012677462173e-05
