1.87167632329066405648e-04
1.34337138349740516097e-04
1.44185839896337933234e-04
1.35496113588958746413e-04
1.26565505339854982069e-04
1.16874588116485408733e-04
1.07093964820784029544e-04
1.19416206016851998315e-04
1.26130582161322472075e-04
1.29778826114557177020e-04
1.14159647949584966702e-04
1.44779766818578189448e-04
1.20411101034921947913e-04
1.18140127628499190136e-04
4.49525721824259167606e-05
7.67858685302982499343e-05
3.93129475554600997869e-05
1.21841319123139224414e-04
1.41598690677851305397e-04
1.40667891959385556438e-04
1.17475745270826168040e-04
1.05948863739374480371e-04
1.28954843292830014997e-04
1.35459024165596382018e-04
1.90271102468638224261e-04
4.20958355651319189768e-05
8.60525565609008365100e-05
6.16678353964818942463e-05
6.81476286944365545074e-05
6.13791570588860481081e-05
8.97445648268407078583e-05
5.08102715026677564372e-05
1.90936786391290549058e-04
1.21852195105115804468e-04
1.17928746805334925250e-04
9.27691792374447433446e-05
7.60079165614918709224e-05
1.10481530481620682021e-04
1.52372945572717684130e-04
4.89358258930124113213e-05
1.45238850720651294134e-04
5.68092438261332249166e-05
5.66500517940180843427e-05
5.90273076192156389381e-05
6.80815224406516135078e-05
1.46158108020175668551e-04
5.30725780245641897944e-05
1.30002378735991292250e-04
6.72472334654009441367e-05
5.99078061348711375027e-05
5.19080277819291874448e-05
1.17257512015363923614e-04
6.82566547518229820631e-05
6.45559966654439900974e-05
5.99715240492873350765e-05
6.95390873806098273706e-05
1.07280593328491755437e-04
5.26866148888774349758e-05
6.39530319085109379487e-05
7.28425101279174384318e-05
6.36570076693552264549e-05
6.02501155016512332237e-05
6.31207060340188794590e-05
4.99742414736807925900e-05
