1.96759200445684482791e-04
2.31217834924008760686e-04
2.31297125011488999106e-04
2.45509825122285042440e-04
2.46258185696404826269e-04
2.49459632147526217533e-04
2.45983445790179909574e-04
2.48796833566176500002e-04
2.52027579189002034349e-04
2.47280260576180212044e-04
2.28223909835154102968e-04
2.45098589242108086134e-04
2.48292798850797415914e-04
2.36826112644198695772e-04
2.36499622101971919679e-04
2.21600157573166557049e-04
2.36881294460701655484e-04
2.37121697685484548665e-04
2.36348280892066924669e-04
2.29374385231549259446e-04
2.22695282590856390333e-04
1.91430187671232424594e-04
2.18843488703116147414e-04
2.27753866457734471980e-04
2.34902519923697704210e-04
2.36569129119053019137e-04
2.25195048612238910056e-04
1.84043765231780990024e-04
1.45367017160615951809e-04
1.98380905183562878617e-04
2.33156921848016014881e-04
2.44738605975985794045e-04
2.29184610584553356220e-04
2.19516603691491250143e-04
1.91593202931982707583e-04
1.37695769114872770995e-04
1.56322928970671734712e-04
2.00253986732564209089e-04
2.23195109585053522161e-04
2.22892552582125815300e-04
2.37774398894471819619e-04
2.19239366724455089861e-04
1.78825482267913236315e-04
2.06321581733438850874e-04
2.23635845283793802249e-04
2.19316577708439841479e-04
2.30327212453048974124e-04
2.12316768799456325259e-04
1.82900957817623392460e-04
2.03255508675794687237e-04
2.22159976649247787803e-04
2.30057702661071834197e-04
2.01809933985640785944e-04
2.20583239804804267896e-04
1.82022334442910268832e-04
2.19208366046575787479e-04
2.24290277457866397276e-04
2.23621911282181841298e-04
2.19260122163658595145e-04
2.11131226180108993009e-04
1.99858531467026281653e-04
1.75920343195664144464e-04
1.99329732593796975053e-04
1.38207610692080834752e-04
