9.11593429179268687152e-05
6.36839598637097757368e-05
6.28376431502638622181e-05
4.84011552354278782153e-05
5.00243775386504963562e-05
4.64428528898652663429e-05
3.33044557322830793965e-05
4.24413440789051746999e-05
4.33787750065854003619e-05
3.25224616963308771952e-05
2.18780502525072534836e-05
3.12229736628610439974e-05
3.87814931011353972558e-05
3.11404584887659655642e-05
2.07244351366773888975e-05
1.54113541482613745242e-05
1.90105304230313430401e-05
2.88985365046228866669e-05
2.91525961080970285287e-05
1.96057617019295672646e-05
1.54137341212202987799e-05
1.30450367265796712997e-05
1.45165208244206526506e-05
1.84632059388904279720e-05
2.18550418807474865169e-05
1.73227003359686823570e-05
1.48432928299129600325e-05
1.36819815623065457418e-05
1.11694202901076526625e-05
1.32526212199729892516e-05
1.52402987016856747161e-05
1.53590516846011855578e-05
1.56803117761425776430e-05
1.48665149405652821245e-05
1.33774245965648395706e-05
1.14841031291775259301e-05
1.15344484066875490225e-05
1.36608597585999405914e-05
1.41289862672655643159e-05
1.49243459986856873373e-05
1.43648309680127255958e-05
1.37963738808146151602e-05
1.06564179295727893811e-05
1.15544193379286928722e-05
1.31212585121158702010e-05
1.41648928882681597640e-05
1.41234852785783690531e-05
1.36271686227673199953e-05
1.19212767157850987735e-05
1.20011282740412886569e-05
1.20578110900617895538e-05
1.28525248909646854563e-05
1.22964151974561862007e-05
1.08389408178262804713e-05
8.35290707374013551684e-06
1.03379637866431407713e-05
1.07376718512655433226e-05
9.38848654674710602242e-06
7.76347551679235103363e-06
8.13188996588864506786e-06
7.25312105637941676145e-06
4.79602146812906056990e-06
5.03355971126076887339e-06
3.04846695137104848413e-06
