7.35932863455844761286e-05
8.19160911899530696720e-05
7.98155659324381540256e-05
7.92621763491116926217e-05
7.99549959623511524937e-05
7.97966317830468374692e-05
8.26915182624756984987e-05
8.35122048167620572223e-05
8.32368853886857756625e-05
8.27920637148147313270e-05
8.60080323069698372395e-05
8.66225922121159196566e-05
8.84862360007154769535e-05
8.66548767806939201387e-05
8.36783929544440024419e-05
8.05708641352102968025e-05
8.54650446523797576327e-05
8.71470965081085497663e-05
8.92994149565831327187e-05
8.71710576883331781425e-05
8.03280728534220330589e-05
6.58640392402503498711e-05
8.06577759006887613346e-05
8.56929676908436266511e-05
8.83729772377314106400e-05
8.35350437224192184267e-05
8.03706839341945751586e-05
6.86501445503568611794e-05
3.69924993872093474606e-05
7.02839183620451062647e-05
8.09626629842939173325e-05
8.27124139467053673489e-05
8.37282644159610049510e-05
8.41807168494597803446e-05
7.11798366946072246213e-05
3.97268563630768107567e-05
5.11831244982957205307e-05
7.06721039186978828564e-05
8.07352954724431623890e-05
8.17480997314294177518e-05
7.90176720965272960922e-05
7.09457616011572407208e-05
4.50154771456145249165e-05
5.30481082444460240368e-05
6.96903882623331645541e-05
7.61784017935423948516e-05
7.65631561212263037856e-05
7.31953916012065058591e-05
5.44733789995687807525e-05
5.85781003297593597101e-05
6.29160555401565044047e-05
6.76320537087011884733e-05
6.25251630821588224186e-05
5.24152743051056399515e-05
4.09760450340457491329e-05
5.24466084041121978357e-05
5.43602578422563363332e-05
4.62825313806433056305e-05
3.69873508382222198265e-05
3.92414837262904813873e-05
3.49976440955089402826e-05
2.18886643385037992957e-05
2.25484190045007750706e-05
1.18160745704589793218e-05
