7.72400517518539270981e-05
5.38431285319168257178e-05
5.26514845312492848757e-05
4.38557867453913884873e-05
4.39731247190555251270e-05
4.31936929402843130870e-05
3.18080255396183169065e-05
4.10828831392130695106e-05
4.18037329593780527170e-05
3.26143554755169384719e-05
2.66168311976141863835e-05
3.31399486627073587347e-05
3.95375771998846469932e-05
3.24425202376996384829e-05
2.74509212280176805097e-05
2.35890811435150476083e-05
2.64912262581038469855e-05
3.23439347633677694608e-05
3.26998489068886790624e-05
2.64671573056663795220e-05
2.18712127621230588989e-05
1.94507517970880081299e-05
2.26191838011758188380e-05
2.54129288448448495625e-05
2.76218063959457580010e-05
2.39103360315021943509e-05
2.39505736687370148592e-05
2.27693008591275602927e-05
1.59628967012922804510e-05
2.30482119308638089749e-05
2.48676469193464383649e-05
2.36706161062770007180e-05
2.47101145086451931131e-05
2.46870890715672293620e-05
2.17657267255303892635e-05
1.61737991395814732938e-05
1.95157810482311081294e-05
2.33112753231418630482e-05
2.56657550211521010431e-05
2.56704041230776226572e-05
2.54014403248948417808e-05
2.45833580003637812493e-05
1.79979991588158960204e-05
2.10549424563790841484e-05
2.48238006308480360325e-05
2.68312212548324700010e-05
2.68332585227403842051e-05
2.54173469570612537382e-05
2.06288269864019722108e-05
2.28611726613641119384e-05
2.35297065420159382128e-05
2.59963335640733215212e-05
2.38748660071620000646e-05
2.08777225503374162970e-05
1.66467943790512468204e-05
2.14490501657058153296e-05
2.18650975667530046123e-05
1.86838866882285175783e-05
1.56217576270151591446e-05
1.68711654214025229357e-05
1.50521014027305329453e-05
9.78102384207287947431e-06
9.96701946140344751638e-06
5.68652888984887669893e-06
