8.07017875801849054150e-05
7.87227644429016216055e-05
8.33750580739132528436e-05
1.00318504898221549839e-04
8.50845699010952828938e-05
9.97558276888576065224e-05
1.15910778768471550834e-04
1.03372245082025541497e-04
1.02516151014242701874e-04
1.14894938761851187988e-04
1.25155881922559995487e-04
1.17742513904133276528e-04
1.09535287223230484071e-04
1.18014513845727170077e-04
1.26730545708873083496e-04
1.31839142138792322781e-04
1.29213277353995765508e-04
1.21262343051400280493e-04
1.20811576229524456245e-04
1.27756393950703684391e-04
1.31925890881894210521e-04
1.41928083365389610948e-04
1.30644854322611099658e-04
1.23239788835812538173e-04
1.34878746729621447342e-04
1.23280293513909085636e-04
1.30974850592426012410e-04
1.43317606835215930871e-04
8.75757816673470614044e-05
1.41296741185067622907e-04
1.18558755452014962396e-04
1.32807129999900578460e-04
1.32338880687431150081e-04
1.18549240835817373168e-04
1.39499753969327225682e-04
8.80337527893326353325e-05
1.17888908078638590367e-04
1.17683273643124752372e-04
1.25782981161069826615e-04
1.23878092090868441441e-04
1.26352705427105332925e-04
1.18549635147359043365e-04
1.16674270109702794438e-04
1.01149287597502985617e-04
1.23224052489207409325e-04
1.10592013831458426927e-04
1.10023520619649821557e-04
1.23191354516219583014e-04
1.01285040338241187239e-04
1.10098606223913166014e-04
9.84412334020942029339e-05
9.57087361277470823192e-05
9.94116219370685917037e-05
1.09859920932590122001e-04
8.41516666900813975916e-05
8.14563364321335497097e-05
8.09826068609324420389e-05
8.30912190223417478248e-05
6.66250679487896544295e-05
6.73323637637056522133e-05
6.80679657522304079782e-05
5.27276131925254545624e-05
5.20153447701018949384e-05
5.29616149108367775941e-05
