1.48923252866442734068e-04
8.57358720746028709443e-05
8.30327406390486401312e-05
6.93783788120823548002e-05
7.47792928515794903289e-05
7.01959651235953556621e-05
6.95044466888429144594e-05
5.93852085433957494419e-05
6.01195818679517413573e-05
7.03001677117801742917e-05
5.11663655116779357004e-05
6.22187373321794767213e-05
4.91395118380191033057e-05
5.91692803288450797886e-05
5.02938272352793829326e-05
3.93112532894896734388e-05
4.19871748984425674045e-05
5.09223738136911266818e-05
5.00522430648435900837e-05
4.65578853148489185546e-05
3.95509713693553458208e-05
3.62597695676167102157e-05
3.71031874181370404384e-05
4.39482439139010194317e-05
5.36068912336305371095e-05
4.34094493339072916445e-05
3.61093885023895701789e-05
3.82208823751372341244e-05
4.21345823992374995189e-05
3.27056533830180520654e-05
3.30265639878638488742e-05
4.76817086894361347573e-05
4.73761403916184847818e-05
3.30005037462103022498e-05
3.42288878857105634268e-05
4.87813896477455190390e-05
3.26331724276296194901e-05
3.12278257034475688206e-05
3.76832908346514785570e-05
5.97059725896198012843e-05
3.67595092979908298191e-05
3.22399159478458841488e-05
3.25953442894782156490e-05
3.03207115898607333648e-05
3.22329710794198371531e-05
4.27441560841251806191e-05
3.70008255867090683636e-05
3.25888864226950319318e-05
3.14891429104129241074e-05
3.07409486827292370049e-05
2.67246039898878657280e-05
2.98955782229643187375e-05
2.67578655515111692880e-05
3.13325630809376345400e-05
2.54531913645837879205e-05
2.48343142699555111444e-05
2.51585873356659138977e-05
2.22811907070894285468e-05
2.05475453829710689329e-05
2.03544642680342363085e-05
2.13215461532333575121e-05
1.69100846887310195395e-05
1.62818191488416281511e-05
1.82052552472223105428e-05
