1.27035909881134851957e-04
6.98606853443630191692e-05
7.05099015953861976355e-05
5.87711809821424367283e-05
6.21095598671032780164e-05
5.78844902137801083390e-05
5.81108306354261681535e-05
5.07897093604010236895e-05
5.33277197246805826757e-05
6.24154107757640349858e-05
4.22266743345183040740e-05
5.71155165717676251255e-05
4.54152192172737871763e-05
5.22561988776109627572e-05
3.91343829427146292334e-05
3.63425165800850219575e-05
4.06934989098602477851e-05
5.15125469302254106836e-05
5.01653188005277229163e-05
4.56060421411593467549e-05
4.62482143955666975084e-05
4.89254125842564831922e-05
4.46095486010066695146e-05
5.51727351123721445605e-05
5.72009778960621623678e-05
5.50064190687667164698e-05
3.76074062658434841782e-05
4.02099894641963620306e-05
4.05220208423958728507e-05
3.67767933741852383550e-05
4.22401399104160456179e-05
6.31752987833007035538e-05
5.75354919756965136756e-05
4.36152398646447837056e-05
4.69232039936388190373e-05
6.03948445688386707656e-05
4.38632060017614898960e-05
4.62334263073830469600e-05
5.07042000287320841464e-05
7.53723324834071621743e-05
4.90505236814342014998e-05
4.10250874224478423447e-05
3.81710298167908253881e-05
3.90522151391638604342e-05
4.39861085235891650252e-05
5.96914848484877963572e-05
5.54837520568924799907e-05
4.74691674966760366076e-05
4.60970346077802808037e-05
4.53903949880041750328e-05
4.18859129076380913375e-05
4.41942864461390157562e-05
3.89607703240485875882e-05
4.33888289105897225471e-05
3.88395055389099472915e-05
3.78771739915441710798e-05
3.96947766907147710528e-05
3.23877482726154055682e-05
3.38792540539553009788e-05
3.39404426202265257660e-05
3.42579909732572504989e-05
2.89590387537873174652e-05
2.80818929814235514848e-05
2.64006378218860709929e-05
