9.02351210217547166845e-05
8.12897231513202251588e-05
7.40392887317300400340e-05
5.25814562651481982609e-05
5.91652820288854819266e-05
6.18891132130803254575e-05
4.00256735533784335735e-05
4.94996869850776791393e-05
4.51415807953971752594e-05
3.80962589364452046685e-05
3.20185277477174116099e-05
3.51825149604301630436e-05
3.94773878220891147328e-05
3.58584489060371133513e-05
3.22774531993495381824e-05
3.06293758457895301268e-05
3.12470587471940135032e-05
3.24725132906813178249e-05
3.34437685191110728325e-05
2.99816238880034639986e-05
3.11892972063065784241e-05
2.85507671419613946870e-05
3.04100567302767247865e-05
3.03224417567252878996e-05
2.99948700716761085987e-05
3.04518277009242455892e-05
3.05264891514117977806e-05
2.97692850459458982211e-05
2.36443698517914584266e-05
2.88009892885617134353e-05
3.12191568140609773414e-05
3.03940305494312410309e-05
3.00982590762170450823e-05
3.25278222905842924863e-05
2.75097583576000957891e-05
2.33678072199581621324e-05
2.12454279382666072549e-05
2.96703940012567359799e-05
3.04598215962851944405e-05
3.05591328925186209945e-05
3.03046962766897060850e-05
2.87323221774593955667e-05
2.19496588086911904934e-05
2.11387865562395399553e-05
2.62824521275196784490e-05
2.69879475028839705005e-05
2.74411041583120958443e-05
2.55523483003766302358e-05
2.26246469949957789043e-05
1.69692364303269186126e-05
2.15095947486409073404e-05
2.20581305920465603346e-05
2.07107847220349039388e-05
1.79689055888442609989e-05
1.21227820785267907525e-05
1.51341461720097085464e-05
1.49984593333406921356e-05
1.30326064691656381619e-05
7.97458740535740619204e-06
9.16550331658346034941e-06
8.38716855912957138554e-06
4.96048745937530559987e-06
4.84268102837132952999e-06
3.70339233839295714756e-06
