1.01015292831568788455e-04
1.15942585396889798937e-04
1.10696268758023118567e-04
1.11008664840761171137e-04
1.15256929383553374758e-04
1.13848704937776431276e-04
1.15254561664475960528e-04
1.16351972030949286333e-04
1.15821655287747920246e-04
1.13883721208761189690e-04
1.11756112216707435099e-04
1.16757765275207197751e-04
1.18257067903005907137e-04
1.15952074052796911619e-04
1.11449112072562367707e-04
1.01642647863077923180e-04
1.11457593434928205417e-04
1.15611340977857929551e-04
1.18637106817354490932e-04
1.10634545381182216586e-04
1.04646900626377174033e-04
8.13242290218514466988e-05
1.02770030178594182040e-04
1.13640398980512666392e-04
1.09719192356344812274e-04
1.10321573213667290273e-04
1.00443351747392836909e-04
8.09573447874099172026e-05
4.68010467778774306644e-05
8.00505630985732028046e-05
9.85062651984975972373e-05
1.01817759906407660385e-04
1.01887000161654322442e-04
1.06063728254866205527e-04
8.02045572489974408284e-05
4.51116517494620122061e-05
4.81580354334725982803e-05
8.50595655964770969463e-05
8.97660498752914586635e-05
9.20557470412238149950e-05
8.92275435405346208431e-05
7.89413723013154160820e-05
5.01067591322868144876e-05
5.06178002090262524272e-05
6.89383396112614723825e-05
7.25426355106887623889e-05
7.41123211342046889129e-05
6.86439912757901845404e-05
5.55801550273841792451e-05
4.13743224014721512572e-05
5.38611864190234316987e-05
5.51241509544871604405e-05
5.15137328767004476558e-05
4.31662615882125776990e-05
2.82138129276247477456e-05
3.63486197910678048842e-05
3.59594610217821774797e-05
3.09308399446728732492e-05
1.80471842215545270807e-05
2.12439521800309209180e-05
1.91648195115984152541e-05
1.04188255332391845997e-05
9.89683676303376051243e-06
5.52871259141602588500e-06
