9.99855497520545880453e-05
8.71728282695278860678e-05
8.28341324798362646769e-05
5.72616339103515173013e-05
6.47984419166164175592e-05
6.25383317249322758392e-05
3.91410084022866756794e-05
5.07691455398810717668e-05
4.74342098950466357302e-05
3.76924702400347546053e-05
2.69318210293332618876e-05
3.34812811963705708978e-05
3.69093239103213029964e-05
3.38510832386433864840e-05
2.96654284330810194309e-05
2.27508490535449097347e-05
2.61210636645450064008e-05
2.73084395668089061787e-05
2.82251128628322916537e-05
2.17867338668222690411e-05
2.23887016799313892689e-05
1.99788780679133391141e-05
1.99691841287707137764e-05
1.97113308819364077985e-05
2.15420971076979726787e-05
2.20187503607647863907e-05
2.06778420492637296404e-05
2.07387640632839594795e-05
1.85258993574851686605e-05
1.77474606612753316973e-05
1.87913082983575396043e-05
1.90678677161083425006e-05
1.80644189064285461274e-05
1.92345903370873863017e-05
1.69581068003730523657e-05
1.89923431073522598579e-05
1.53008246402749220356e-05
1.66079443622268951798e-05
1.66912457461629209544e-05
1.70468366891834304834e-05
1.73946331153865632081e-05
1.58051224185339368451e-05
1.44250624544681937879e-05
1.13988994145799414648e-05
1.38370388535162293635e-05
1.44226584568082295872e-05
1.44861837318077321668e-05
1.34492261179458644308e-05
1.33051521009631031338e-05
9.37822328052698918235e-06
1.08601521825093829375e-05
1.11429337931532373095e-05
1.03071873234661307418e-05
9.25807421790167281396e-06
6.12928338867644919847e-06
7.47740946249915354411e-06
7.36286621276162925277e-06
7.05949743816396540352e-06
4.24113141505200958782e-06
4.57632171626340874133e-06
4.39974136391411944241e-06
2.93056291334379286935e-06
3.08303614030727240303e-06
3.07827703204088494389e-06
