4.79140171501443983687e-05
4.13596947946659281286e-05
4.23232606663391346113e-05
3.06945942657356750675e-05
3.49013637162176360062e-05
2.92744289742178804832e-05
2.84125844056443520986e-05
2.82201144496614832061e-05
2.82975002256621959416e-05
2.83475578352596383706e-05
2.19982053529220195759e-05
2.60643276837264326030e-05
2.71930120522450750409e-05
2.62421663062246039537e-05
2.18496098761228399194e-05
2.43930656228262868722e-05
2.07503960154045336592e-05
2.32572541414891179664e-05
2.30689670613908595013e-05
2.05777631174828973802e-05
2.23257358138367005941e-05
1.91477412674277918216e-05
2.06319400884248974840e-05
1.89852667899600837471e-05
2.05623733985837853894e-05
1.91009971937594345338e-05
2.20348768077776007834e-05
2.12316053613458092511e-05
1.77591476364550772827e-05
1.92167413355776356865e-05
1.94884664704353007924e-05
1.76080786863306799678e-05
1.75387239145155182586e-05
1.84837696282343921252e-05
1.76171907477527006527e-05
1.56392914637100333868e-05
1.47078220263816121527e-05
1.59184338567943109899e-05
1.64606176000284424113e-05
1.64040493690172437110e-05
1.71641165222107919025e-05
1.73633198947200506493e-05
1.65529363746197218815e-05
1.54031618598545816997e-05
1.54354676229022708578e-05
1.48540998687457470281e-05
1.43776437787635353845e-05
1.44114410466000760657e-05
1.36922977206129947334e-05
1.28102819959607564350e-05
1.28071691766825873860e-05
1.24576960418908547267e-05
1.36908752204336867672e-05
1.41594205782698911815e-05
1.28235894513760922487e-05
1.11524929249291025074e-05
1.07676191881555590607e-05
1.15144450571020815508e-05
9.59830653602897198044e-06
9.11829543849780314760e-06
1.03129544526394875681e-05
8.02694276613518951425e-06
7.69097814727065176251e-06
5.94837260386272795754e-06
