5.42627796918279095475e-05
4.72952794684945840211e-05
4.79962378153570262251e-05
3.22981123759254068755e-05
3.83094138317028486867e-05
3.04957862070286508287e-05
2.64683873571295989096e-05
2.68228343717143133981e-05
2.79305478147307714135e-05
2.74071089547961065840e-05
1.92745299256385661650e-05
2.32563439733280403576e-05
2.44488134851094749008e-05
2.27990703328590501393e-05
1.80432067081032097768e-05
1.83746286572688172266e-05
1.61960170634807879529e-05
1.89666440996269337698e-05
1.90814705573100318434e-05
1.70829253632972629848e-05
1.84746167563789527089e-05
1.44973436366248998155e-05
1.63001717001259153225e-05
1.45974475092917753861e-05
1.58741047038525903256e-05
1.41558458756042704753e-05
1.59811645194786355775e-05
1.46833374870976771077e-05
1.08282284097192478317e-05
1.29768514260993857504e-05
1.35692159712512096974e-05
1.24218179080404648507e-05
1.25653088499527308182e-05
1.35814157939659818972e-05
1.27689544615410329072e-05
1.01495506460889885376e-05
9.23423633563614357548e-06
1.10014965770149257887e-05
1.11173677222902147414e-05
1.11647028877156284990e-05
1.11920187307563501547e-05
1.12803699073744849397e-05
9.88487013330009273951e-06
9.05078276824679658257e-06
9.43426140578453557720e-06
9.04326682709593530603e-06
8.92189624813769793115e-06
9.10493893339689628849e-06
8.39360891210308784839e-06
7.61920284476696078538e-06
7.50987497928136640726e-06
6.95656853737181456382e-06
7.86832758266752804255e-06
8.26826249821580050187e-06
7.28191198061702998922e-06
6.06869037890413530565e-06
5.86339203755941133637e-06
6.61055314938429467147e-06
5.52073104254061971651e-06
4.97419191776587783403e-06
5.94863218302329727869e-06
4.69054440814452877650e-06
4.45622188204184614766e-06
3.64962050165393432058e-06
