4.67842259831805984340e-05
5.67114224159396019815e-05
5.57323429664447823114e-05
6.30902710359782415046e-05
5.86658915563329259207e-05
6.19721943333151825076e-05
6.30156843181975997569e-05
6.28431043988345017746e-05
6.36431744440432088346e-05
6.42253144617166784897e-05
6.21040200829728555963e-05
6.37414664234057154251e-05
6.29308130384371213753e-05
6.31000052749650509713e-05
6.36863289161909414213e-05
5.71858450557466402829e-05
6.20387349045498174291e-05
6.15077118202167895215e-05
6.22043246645300992089e-05
5.97964155631938905095e-05
5.48763812166775093865e-05
5.05996813525132091384e-05
5.22678191785244585389e-05
5.66971710664899490009e-05
5.83443972441241535541e-05
5.73703530514994340206e-05
5.44497982120430460903e-05
5.37015837181728842263e-05
4.98777213288188365505e-05
4.94134379540061863820e-05
5.13059118189729713045e-05
5.21693893061272876213e-05
5.15546285753758735948e-05
5.00432177550729336219e-05
4.67363242552730034614e-05
4.60433503851884599911e-05
4.26555266400083942955e-05
4.29481915826423788244e-05
4.55919261125061864000e-05
4.63372081762868781715e-05
4.65747798262626245798e-05
4.52928381320679795778e-05
4.57513994268330016638e-05
4.18413163242585973284e-05
4.11240615122121749674e-05
4.11299513728451197848e-05
4.00983465658972718483e-05
3.91065671279274798718e-05
3.86948604016615311596e-05
3.39464481436319481843e-05
3.46456388417725234070e-05
3.42306128311695753285e-05
3.65161039765229082773e-05
3.74016127681074987080e-05
3.25203054856561469188e-05
2.89308654974430108815e-05
2.80594250197703921727e-05
2.96016104409449273154e-05
2.27541518777719447501e-05
2.24941123868489440177e-05
2.43221688756711868959e-05
1.80519071930884260650e-05
1.74962192713775746837e-05
1.31338494109388409644e-05
