5.43065535885961519916e-05
4.64844626657416669195e-05
5.31903145115726462100e-05
3.63048310262188984984e-05
4.30633972861117140770e-05
2.62450328026798198082e-05
1.34886057766376909811e-05
2.31114570490479675558e-05
3.50498089808872392761e-05
1.98915205130446769914e-05
1.35084947026788494467e-05
1.82204180354164957975e-05
1.42909958621950374604e-05
1.22138604422980068758e-05
1.45434271727516251180e-05
1.20118596754989266260e-05
1.09693274853096962276e-05
1.10127737255609773405e-05
1.12323837188259331840e-05
1.10584360793900374784e-05
1.05934955964877935660e-05
1.08132780461586590820e-05
9.28406041322842027108e-06
1.10397554207204983160e-05
1.17762365661339750791e-05
1.09322475922960981253e-05
8.76396083887304013849e-06
1.30605193057577384985e-05
1.01151464619402800711e-05
4.40937658866290563221e-06
6.37427717627757047994e-06
6.87142536750821064672e-06
6.95172213334939728208e-06
6.23656702874207621347e-06
5.74510883353396916660e-06
1.07855083437540530747e-05
3.28300142891518124255e-06
3.51914788219860778860e-06
4.32383490853014860675e-06
5.52870882727419901047e-06
4.30027693910832665069e-06
3.13408181184751657167e-06
3.11371085291818659404e-06
2.31407840265032289229e-06
2.89470652815405873930e-06
3.20286937948819957215e-06
3.27544495372543027745e-06
3.00927357212448968955e-06
2.20510050491388289931e-06
2.20590225263957979789e-06
2.25118028815420087027e-06
2.33102941802117327150e-06
2.24702885264973556393e-06
1.97044541652826079301e-06
1.99489120574223201745e-06
1.82522810272350800506e-06
1.89303948546946409402e-06
1.84176723725444566997e-06
1.94979413063395719456e-06
1.96605917415689044554e-06
1.77575408479524481757e-06
1.97628439399033277652e-06
1.81720425507230275511e-06
1.83315116008975240470e-06
