5.71432034056418899221e-05
5.06408411321010800982e-05
5.63622131369453488155e-05
3.41103896964046321687e-05
4.57396893411861400910e-05
2.65192567467204632975e-05
9.43609293170933084434e-06
2.19586981353776420581e-05
3.16175846329824866937e-05
1.72153614326875614412e-05
8.80668380302296021213e-06
1.50254882578503012620e-05
9.81116702858429392707e-06
7.28640970727250403033e-06
9.23325417373331439400e-06
7.94009022783503199891e-06
5.58576816367341382711e-06
4.91318637428450200185e-06
5.27972267112479104061e-06
6.12531293515888183529e-06
7.04676204275790409048e-06
6.09971364151803863043e-06
4.95240011587009331626e-06
4.91185443802490153656e-06
4.98077659702813795126e-06
4.94322425107564887418e-06
4.53511044535868423683e-06
6.96504661568514845890e-06
4.91518954912490354538e-06
2.68275244877702805392e-06
3.03049376349536473850e-06
3.31717553161807745016e-06
3.32412708703271936976e-06
2.99259442222676536949e-06
3.17842465121365652937e-06
4.12883109906987727018e-06
2.09585103080809160767e-06
2.11386054637764119499e-06
2.30441067690148074459e-06
2.69792624316605365821e-06
2.26720534337934717805e-06
1.98496675478838941208e-06
1.91061606651563767442e-06
1.57666182637432301449e-06
1.73029481614243051348e-06
1.99065399118428972545e-06
2.07251010452959239584e-06
1.95089626265926948504e-06
1.79093963832243588153e-06
1.68546951701755101134e-06
1.64511535793190845009e-06
1.62365077870205539706e-06
1.63422298789594403200e-06
1.61649881117520847801e-06
1.52126469473737117708e-06
1.52867919790672219418e-06
1.54457653469840471594e-06
1.54567980199394909188e-06
1.59719395814216731495e-06
1.49064697909458056951e-06
1.53279350774062635794e-06
1.34248100717581258185e-06
1.45386242760401023413e-06
1.45502165924796884034e-06
