3.24894880739299657347e-05
4.08570784796337738479e-05
4.06834656923723631461e-05
4.37553631076750620347e-05
3.78630558648253523436e-05
4.22300582703001321089e-05
4.23469765091031023806e-05
3.48190914081176268631e-05
3.66407662277407221831e-05
4.29499397261041813588e-05
4.04410462853770826127e-05
3.86504655494453392209e-05
3.61001585736313139203e-05
3.75447250124348857331e-05
4.24651876318217491590e-05
3.42702359846912019701e-05
3.27442654822556285981e-05
3.56132498835496358867e-05
3.60606876587034753511e-05
3.30247672367582574332e-05
3.11268515233650573237e-05
3.16795404780356238458e-05
2.71200038731088085078e-05
3.31859300689454721472e-05
3.57844113744626467818e-05
3.18606413890027778896e-05
2.56225601909380296096e-05
3.28525234021717046961e-05
2.18022228771372939850e-05
1.08312913912931934289e-05
1.68605314852098443074e-05
1.85831532818025963816e-05
1.92289422553006326380e-05
1.72542211129470415365e-05
1.53672150323546852159e-05
2.56772558681808078557e-05
7.22864374986025672910e-06
8.43490470315623621202e-06
1.11103719301102658954e-05
1.47755265222343745409e-05
1.07486645667719126645e-05
7.36075480359930667826e-06
6.50816187539924610517e-06
3.93228297790787109211e-06
6.39834026025797165504e-06
7.21794435803132765762e-06
7.69758884536511851001e-06
6.45555826683420938517e-06
4.09482695612178990065e-06
3.62622750288713162359e-06
3.87804865513326111834e-06
4.15174328420106051490e-06
3.92992444884110712119e-06
3.49590572726473250382e-06
2.85314160190762277689e-06
2.83845067156350593443e-06
2.50055048014841264142e-06
2.94378931188294922232e-06
2.68010862827882665783e-06
2.79125334595007823187e-06
2.39257258574245036800e-06
2.58345820621077920318e-06
2.29778859284584790684e-06
2.16135793335148134278e-06
