17.172538
22.680203
21.599365
23.281117
22.348611
24.208343
25.124035
22.264085
21.907056
23.061400
23.796851
24.576625
24.703680
24.726856
24.618729
28.978810
23.018183
26.022453
24.439465
19.851604
26.008420
24.329998
19.562855
24.804241
26.362934
25.580482
19.381995
22.854700
14.447731
15.470422
19.307397
17.835204
19.250686
17.624727
18.188058
15.393211
9.658106
14.143889
15.277300
11.568139
11.651133
12.096536
8.337418
7.825046
8.901095
8.336174
9.853468
13.246406
6.817493
5.594502
7.709736
6.847626
6.949885
5.103381
3.791262
5.701228
5.680349
3.763638
2.895028
3.979517
3.142165
2.400834
2.227069
1.718509
