46.953888
32.730643
31.934640
26.258911
26.446433
25.905075
18.873496
24.553823
24.819529
19.266999
15.664560
19.549588
23.375685
19.126263
16.028275
13.620528
15.332206
19.045105
19.307420
15.354659
12.681100
11.356191
13.043314
14.803171
16.011843
13.814203
13.846920
13.285749
9.342766
13.537305
14.410221
13.669814
14.331677
14.287699
12.608484
9.456531
11.409199
13.444497
14.727511
14.804803
14.603859
14.240758
10.582889
12.266272
14.458974
15.622032
15.569325
14.723756
12.020693
13.221082
13.625457
15.207640
14.000672
12.237309
9.796454
12.585310
12.802383
10.860889
9.096200
9.818418
8.830549
5.704734
5.799428
3.304197
