16.844620
18.695826
18.148642
17.851529
18.192894
18.034811
18.500396
18.708117
18.683959
18.515347
19.398482
19.437869
19.728331
19.255833
18.801903
18.245934
19.265610
19.545534
20.069846
19.620791
18.239446
15.186730
18.325296
19.442758
19.694836
18.909319
18.376121
15.802282
8.459314
16.085773
18.312591
18.636454
18.865193
19.033343
16.207324
9.117227
11.725989
16.145626
18.335634
18.632393
18.026265
16.435670
10.356402
12.220314
16.035921
17.353415
17.564926
16.743252
12.596427
13.391826
14.410160
15.715442
14.418741
12.122442
9.491001
12.219452
12.484234
10.664399
8.484496
9.095655
8.134048
5.064085
5.174524
2.716976
