68.463229
59.675099
56.421575
38.677462
43.303491
42.207768
25.548815
33.242479
31.124174
24.707130
17.487563
21.678565
23.847854
21.686649
19.301543
14.613921
16.750310
17.359245
18.007410
13.893211
14.447023
13.074966
12.701799
12.299571
13.586360
13.835884
13.176862
13.732517
12.468431
11.506105
11.894770
11.928533
11.278761
12.116750
10.918017
12.826426
10.187110
10.598333
10.529789
10.752687
10.970514
10.128665
9.531573
7.427601
8.878055
9.183510
9.206624
8.580207
8.666119
6.050152
6.973033
7.149173
6.611529
5.997771
3.956660
4.837052
4.757282
4.576963
2.752049
2.976978
2.861876
1.932599
2.060543
2.075285
