56.892033
49.033877
49.842529
33.023610
39.353494
30.984933
26.387974
27.152598
28.115928
27.389239
19.091034
23.165103
24.494401
22.646855
17.571733
17.902541
15.778752
18.779766
18.863140
16.762031
18.130323
14.226520
15.870304
14.414470
15.549994
13.848452
15.696801
14.355590
10.626996
12.653327
13.243278
12.080464
12.253103
13.291941
12.501118
10.021343
9.082793
10.761573
10.817642
10.787781
10.866208
11.011366
9.693081
8.916920
9.223272
8.819868
8.686631
8.908342
8.270109
7.490046
7.360158
6.762186
7.772386
8.110386
7.248081
6.010344
5.776707
6.557928
5.488711
4.956285
5.928255
4.648301
4.438386
3.610656
