39.799066
33.906593
34.938773
24.744936
28.534560
23.569700
22.550454
22.611203
22.742526
22.655574
17.483181
20.565187
21.733652
20.697908
17.298165
19.195761
16.265950
18.292971
18.155747
16.376971
17.713640
15.186221
16.265730
15.004886
16.330326
14.989421
17.397487
16.817949
14.350608
15.305655
15.456661
13.754553
13.772490
14.587250
14.018988
12.665939
11.892312
12.762353
12.968623
12.980973
13.568981
13.928719
13.332465
12.461751
12.366404
11.832301
11.433674
11.525990
11.158466
10.399834
10.297305
10.029433
11.016084
11.455622
10.422733
9.048782
8.729581
9.415915
7.864695
7.466627
8.389968
6.485986
6.231877
4.795864
