15.096278
18.336905
17.916278
19.962194
18.917245
19.651164
20.255428
20.081239
20.210039
20.433887
19.845264
20.356640
20.120128
20.354240
20.332216
18.718369
19.795379
19.975536
19.999804
19.380604
18.005641
16.855008
17.318909
18.433093
18.953777
18.664251
17.854918
17.837056
17.164397
16.594150
16.923661
17.075514
16.919242
16.557382
15.785416
16.000439
14.790612
14.620800
15.280631
15.461244
15.589319
15.430817
15.812099
14.518472
14.020706
13.962578
13.653505
13.349599
13.448688
11.866027
11.892897
11.787541
12.556838
12.867377
11.366230
9.988446
9.701131
10.323463
7.949007
7.831071
8.496470
6.270708
6.017766
4.464267
