0.099817
0.096702
0.088360
0.067209
0.065161
0.062181
0.036031
0.046938
0.049436
0.038869
0.033409
0.033124
0.045622
0.031239
0.033828
0.041877
0.028293
0.030144
0.029347
0.025756
0.036609
0.036870
0.026311
0.029934
0.030866
0.030612
0.026636
0.035573
0.025952
0.023311
0.026734
0.022831
0.025656
0.024993
0.026652
0.026466
0.016152
0.021328
0.022305
0.016497
0.016684
0.018378
0.014383
0.013045
0.013459
0.012753
0.015369
0.019789
0.011428
0.009001
0.011878
0.010953
0.011051
0.008425
0.006307
0.009521
0.009109
0.006505
0.005240
0.006972
0.005783
0.004573
0.004405
0.003630
