0.111125
0.113125
0.102689
0.068460
0.070590
0.059602
0.038605
0.045340
0.050546
0.034002
0.023411
0.027231
0.037425
0.025579
0.023295
0.026383
0.017736
0.020353
0.019178
0.017712
0.026287
0.023545
0.016704
0.015164
0.015632
0.015844
0.015713
0.022272
0.017352
0.013798
0.014158
0.011215
0.012134
0.013336
0.016195
0.018247
0.010358
0.011433
0.010685
0.007885
0.008561
0.010444
0.009318
0.007854
0.007406
0.006592
0.007221
0.009677
0.007498
0.005206
0.005998
0.005604
0.005443
0.005085
0.003849
0.004948
0.004904
0.003768
0.003357
0.003865
0.003489
0.002979
0.002967
0.002580
