0.058789
0.077558
0.074068
0.080287
0.076646
0.083261
0.086787
0.076800
0.075421
0.080021
0.082514
0.084832
0.084950
0.085254
0.085162
0.100000
0.079288
0.089810
0.084144
0.068596
0.091576
0.084657
0.068090
0.085650
0.091077
0.088063
0.066475
0.078831
0.049831
0.053312
0.066447
0.061588
0.066554
0.060853
0.063294
0.053507
0.033443
0.048774
0.052753
0.039939
0.040067
0.041656
0.028707
0.026856
0.030606
0.028786
0.034065
0.045833
0.023587
0.019327
0.026623
0.023545
0.023950
0.017594
0.013081
0.019680
0.019582
0.012993
0.009976
0.013731
0.010824
0.008260
0.007670
0.005886
