0.072880
0.088777
0.086774
0.097848
0.092235
0.096261
0.099229
0.098581
0.099220
0.100000
0.097133
0.099946
0.098891
0.099739
0.099935
0.090380
0.096968
0.097916
0.097985
0.094587
0.086821
0.079589
0.083176
0.089608
0.092409
0.091040
0.085868
0.084369
0.079199
0.078213
0.081185
0.082476
0.081711
0.079119
0.074180
0.073452
0.067605
0.068389
0.072580
0.073854
0.074264
0.072544
0.072804
0.066734
0.065560
0.065747
0.064229
0.062188
0.061400
0.054193
0.054983
0.054740
0.058249
0.059122
0.051950
0.045959
0.044478
0.046940
0.036199
0.035631
0.038839
0.028636
0.027522
0.020691
