0.087996
0.076119
0.077375
0.051630
0.061716
0.048528
0.041810
0.042833
0.044356
0.043390
0.030157
0.036800
0.038758
0.036030
0.027994
0.028530
0.025181
0.029908
0.030043
0.026571
0.028935
0.022514
0.025347
0.022941
0.024868
0.022116
0.025045
0.022738
0.016611
0.020046
0.021142
0.019302
0.019538
0.021191
0.019814
0.015659
0.014176
0.017001
0.017214
0.017211
0.017313
0.017411
0.015135
0.013935
0.014536
0.013977
0.013781
0.014027
0.012900
0.011674
0.011540
0.010591
0.012151
0.012671
0.011226
0.009332
0.008965
0.010153
0.008543
0.007651
0.009198
0.007228
0.006898
0.005640
