0.078012
0.066899
0.068835
0.049294
0.056702
0.047072
0.045404
0.045332
0.045639
0.045589
0.035343
0.041510
0.043712
0.041861
0.035127
0.038891
0.033066
0.037100
0.036820
0.033110
0.035847
0.030473
0.032942
0.030430
0.033166
0.030480
0.035285
0.033720
0.028256
0.030675
0.031323
0.027964
0.027963
0.029488
0.028085
0.024975
0.023370
0.025524
0.026151
0.026252
0.027377
0.027824
0.026235
0.024551
0.024663
0.023714
0.022861
0.022901
0.021923
0.020401
0.020323
0.019862
0.021794
0.022609
0.020403
0.017773
0.017093
0.018367
0.015365
0.014534
0.016461
0.012717
0.012225
0.009492
