57.238413
55.154795
50.486156
38.417460
37.143620
35.552090
20.501897
26.739029
28.218976
22.002327
18.884553
18.720242
25.944816
17.694008
19.165020
23.692886
15.989928
17.032444
16.589344
14.498430
20.556722
20.761423
14.758413
16.896283
17.386599
17.339104
15.093396
20.100895
14.690729
13.162861
15.106880
12.863359
14.419664
14.079146
14.894232
14.942464
9.107572
12.011886
12.577533
9.291974
9.416208
10.393472
8.158074
7.373579
7.579384
7.188945
8.645053
11.114067
6.440195
5.081534
6.691245
6.178797
6.233875
4.753817
3.561012
5.355322
5.142736
3.670705
2.967807
3.934806
3.268229
2.594945
2.488605
2.060021
