81.081518
82.441792
74.676083
49.808343
51.309056
43.394039
28.035482
33.007375
36.816692
24.719496
16.963305
19.780903
27.106230
18.540336
16.825832
19.085176
12.846899
14.775051
13.880608
12.821084
18.878400
16.944797
12.029399
10.939383
11.238265
11.473239
11.360871
16.100780
12.574561
9.985389
10.225510
8.053182
8.717797
9.619787
11.629497
13.219288
7.484819
8.231222
7.686885
5.669458
6.175802
7.549783
6.743865
5.681511
5.337375
4.755254
5.204535
6.940883
5.416888
3.757151
4.321254
4.043163
3.921544
3.671956
2.782451
3.558617
3.539409
2.713425
2.427132
2.791093
2.522133
2.155111
2.143546
1.868289
